X,Y
20.000000000000004,94.73352283333334
20.02765565169397,94.73308364475622
20.055349545141457,94.7326438488768
20.083081733222514,94.7322034448553
20.110852268890277,94.73176243185077
20.13866120517114,94.73132080902114
20.166508595164792,94.73087857552315
20.194394492044342,94.7304357305124
20.222318949056472,94.72999227314325
20.250282019521432,94.729548202569
20.278283756833254,94.72910351794167
20.306324214459774,94.72863402170321
20.33440344594276,94.72808069109213
20.362521504898037,94.72752659534511
20.390678445015546,94.72697173340414
20.418874320059494,94.72641610420976
20.447109183868417,94.72585970670099
20.475383090355287,94.72530253981544
20.503696093507656,94.72474460248922
20.532048247387696,94.72418589365698
20.560439606132366,94.7236264122519
20.58887022395346,94.72306615720566
20.617340155137754,94.72226886669576
20.64584945404708,94.72131862008611
20.67439817511843,94.72036705949199
20.702986372864103,94.71941418309649
20.731614101871735,94.71845998908007
20.76028141680449,94.71750447562079
20.788988372401082,94.71654764089413
20.817735023475926,94.71558948307309
20.846521424919253,94.71463000032809
20.87534763169716,94.71366919082705
20.904213698851795,94.71261848154892
20.933119681501378,94.71104741451104
20.962065634840354,94.70947417502903
20.991051614139515,94.70789876009887
21.02007767474604,94.70632116671237
21.049143872083686,94.70474139185721
21.078250261652812,94.70315943251688
21.107396899030526,94.70157528567074
21.136583839870823,94.69998894829394
21.1658111399046,94.6984004173574
21.195078854939876,94.696809689828
21.224387040861792,94.69480676603513
21.253735753632782,94.6927182033625
21.283125049292686,94.69062675266177
21.312554983958794,94.68853240993944
21.34202561382604,94.68643517119646
21.371536995167023,94.68433503242828
21.401089184332164,94.68222168520134
21.430682237749835,94.67983576396561
21.460316211926386,94.67744654351957
21.48999116344636,94.67505401930107
21.519707148972493,94.67265818674177
21.549464225245888,94.67025904126693
21.57926244908614,94.66785657829551
21.60910187739136,94.66545079324011
21.638982567138388,94.66304168150707
21.668904575382808,94.66062923849626
21.698867959259136,94.65821345960127
21.728872775980868,94.6557943402093
21.75891908284061,94.65337187570115
21.78900693721022,94.65094606145128
21.819136396540856,94.64862447197827
21.849307518363148,94.64636154858579
21.87952036028726,94.64409549606228
21.909774980003007,94.64182631008079
21.940071435280014,94.63955398630846
21.970409783967746,94.63727852040637
22.0007900839957,94.6350177257735
22.031212393373455,94.63342203761873
22.06167677019079,94.63182414297421
22.092183272617852,94.63022403878877
22.12273195890518,94.62862172200715
22.153322887383904,94.62701718956977
22.183956116465776,94.62541043841289
22.214631704643327,94.6238014654685
22.245349710489997,94.62219026766434
22.276110192660173,94.62057684192392
22.306913209889405,94.61896118516647
22.337758820994416,94.61734329430699
22.368647084873267,94.61572316625622
22.399578060505494,94.61410079792057
22.43055180695214,94.61340982194906
22.461568383355967,94.61273080242925
22.49262784894148,94.61205084397308
22.523730263015086,94.6113699452822
22.55487568496523,94.61068810505647
22.58606417426242,94.61000532199392
22.61729579045947,94.6093215947909
22.64857059319149,94.60863692214177
22.679888642176053,94.60795130273924
22.71124999721335,94.60742423244562
22.742654718186216,94.60718199655703
22.774102865060332,94.60693942570892
22.805594497884265,94.60669651943806
22.83712967678962,94.60645327728064
22.868708461991183,94.60620969877216
22.900330913786956,94.60596578344759
22.93199709255837,94.60572153084117
22.963707058770296,94.60547694048648
22.99546087297128,94.60523201191653
23.027258595793537,94.60483024951476
23.059100287953132,94.60440183580853
23.090986010250127,94.60397282969932
23.1229158235686,94.60354323036789
23.154889788876876,94.603113036994
23.186907967227544,94.60268224875621
23.218970419757618,94.60225086483194
23.251077207688684,94.60181888439752
23.28322839232694,94.60138630662804
23.315424035063405,94.60065267910801
23.34766419737395,94.59959092454629
23.37994894081945,94.59852770180886
23.41227832704595,94.59746300886555
23.44465241778469,94.5963968436834
23.477071274852303,94.59532920422656
23.50953496015089,94.5942600884565
23.54204353566813,94.59318949433175
23.574597063477466,94.59211741980812
23.60719560573811,94.5908383545493
23.63983922469529,94.58883100320907
23.67252798268027,94.58682087613836
23.70526194211049,94.58480796949897
23.738041165489754,94.5827922794473
23.77086571540823,94.58077380213454
23.803735654542702,94.57875253370652
23.836651045656552,94.5767284703037
23.869611951600017,94.57470160806126
23.9026184353102,94.57267194310901
23.93567055981122,94.5706394715714
23.968768388214404,94.56860418956757
24.001911983718283,94.56653428500523
24.03510140960883,94.56394122339401
24.068336729259496,94.56134457614236
24.10161800613136,94.5587443382921
24.13494530377329,94.55614050487821
24.16831868582198,94.55353307092885
24.201738216002173,94.55092203146522
24.23520395812669,94.54830738150169
24.268715976096587,94.54568911604571
24.302274333901323,94.54308599382561
24.335879095618793,94.54073760680485
24.369530325415536,94.5383859724754
24.4032280875468,94.53603108634697
24.436972446356666,94.53367294392298
24.470763466278243,94.53131154070076
24.504601211833673,94.52894687217126
24.538485747634372,94.5265789338193
24.57241713838107,94.52420772112343
24.606395448863953,94.52183322955595
24.640420743962842,94.51945545458285
24.67449308864722,94.51707439166394
24.70861254797646,94.51494270087784
24.742779187099863,94.51355750478457
24.776993071256808,94.51217039326629
24.81125426577693,94.51078136367435
24.84556283608016,94.50939041335651
24.87991884767692,94.50799753965676
24.914322366168193,94.50660273991554
24.94877345724568,94.50520601146951
24.98327218669194,94.50380735165173
25.017818620380464,94.50293743831139
25.052412824275866,94.50256520467747
25.08705486443395,94.50219245632536
25.121744807001846,94.50181919254334
25.156482718218204,94.50144541261864
25.191268664413208,94.50107111583759
25.226102712008814,94.50069630148546
25.26098492751879,94.50032096884657
25.29591537754888,94.49994511720426
25.330894128796956,94.49956874584082
25.36592124805308,94.49919185403762
25.400996802199717,94.4988166269578
25.436120858211776,94.49851571549067
25.47129348315678,94.49821438792839
25.50651474419503,94.49791264369561
25.54178470857964,94.49761048221619
25.57710344365678,94.49730790291308
25.612471016865683,94.49700490520861
25.647887495738896,94.4967014885242
25.683352947902307,94.49639765228045
25.71886744107531,94.49609339589726
25.754431043070994,94.49578871879366
25.790043821796154,94.49548362038784
25.82570584525154,94.49413143135557
25.8614171815319,94.49237148134534
25.897177898826126,94.49060909770692
25.932988065417454,94.48884427707507
25.96884774968349,94.48707701608002
26.004757020096434,94.48530731134719
26.040715945223138,94.48353515949752
26.076724593725253,94.48176055714713
26.11278303435943,94.47998350090751
26.148891335977336,94.47820398738544
26.185049567525894,94.4764220131831
26.221257798047333,94.47354343084028
26.257516096679343,94.46989021378424
26.293824532655268,94.46623194512324
26.330183175304125,94.46256861787208
26.36659209405085,94.45890022503575
26.40305135841635,94.45522675960974
26.43956103801765,94.4515482145797
26.476121202568088,94.44786458292164
26.512731921877347,94.44371076477175
26.549393265851695,94.43867771216424
26.58610530449401,94.43363769993921
26.62286810790402,94.42859071847306
26.65968174627835,94.42353675812886
26.69654628991069,94.41847580925628
26.73346180919197,94.41340786219176
26.770428374610404,94.40833290725828
26.80744605675173,94.4032509347655
26.844514926299247,94.39816193500968
26.881635054033993,94.39306589827362
26.918806510834926,94.38802522949662
26.956029367678962,94.38303862406342
26.993303695641202,94.37804512323908
27.03062956589501,94.37304471748877
27.068007049712147,94.36803739726447
27.10543621846298,94.36302315300497
27.142917143616508,94.35800197513582
27.180449896740612,94.35297385406938
27.21803454950209,94.34878457926804
27.255671173666844,94.345507754075
27.293359841100056,94.34222639774514
27.33110062376622,94.3389405040129
27.3688935937294,94.33565006660403
27.40673882315327,94.33235507923563
27.444636384301287,94.32905553561606
27.482586349536877,94.32575142944505
27.520588791323473,94.32244275441356
27.558643782224756,94.31912950420387
27.59675139490472,94.31581167248946
27.634911702127834,94.31495594684797
27.67312477675921,94.31432888621536
27.711390691764684,94.31370095849427
27.749709520211027,94.31307216248564
27.78808133526601,94.31244249698885
27.826506210198584,94.31181196080156
27.864984218379046,94.31118055271982
27.9035154332791,94.310548271538
27.9420999284721,94.30991511604874
27.98073777763309,94.30928108504311
28.019429054539,94.30926254301755
28.058173833068807,94.3098558934709
28.096972187203598,94.31045006439892
28.135824191026817,94.31104505693611
28.1747299187243,94.31164087221866
28.213689444584478,94.31223751138418
28.252702842998534,94.31283497557196
28.291770188460475,94.31343326592281
28.330891555567366,94.31403238357915
28.370067019019384,94.31463232968493
28.409296653619993,94.31523310538576
28.448580534276147,94.31583471182876
28.487918735998317,94.31643715016266
28.527311333900755,94.31568201951603
28.566758403201543,94.31432411990046
28.60626001922276,94.31296434260497
28.645816257390692,94.3116026850331
28.685427193235864,94.31023914458486
28.725092902393303,94.30887371865663
28.76481346060256,94.30750640464119
28.804588943707977,94.30613719992776
28.844419427658732,94.3047661019019
28.884304988509015,94.30339310794557
28.92424570241824,94.30201821543709
28.964241645651065,94.30064142175121
29.004292894577667,94.29894217525184
29.04439952567378,94.29456682254568
29.084561615520887,94.29018541967798
29.12477924080641,94.28579795828271
29.16505247832377,94.28140442998223
29.205381404972606,94.27700482638733
29.24576609775886,94.27259913909721
29.286206633795004,94.26818735969941
29.32670309030009,94.2637694797699
29.36725554459996,94.25934549087295
29.40786407412742,94.25491538456122
29.448528756422284,94.25047915237563
29.489249669131652,94.24603678584543
29.53002689000995,94.2409945748099
29.570860496919114,94.23573253844437
29.611750567828796,94.23046322582655
29.652697180816403,94.22518662689504
29.693700414067372,94.21990273157441
29.73476034587519,94.21461152977535
29.775877054641633,94.2093130113946
29.81705061887691,94.2040071663149
29.858281117199745,94.19869398440501
29.899568628337637,94.19337345551973
29.940913231126892,94.18804556949976
29.982315004512845,94.18271031617178
30.023774027550022,94.17827109641416
30.065290379402224,94.17449869580462
30.106864139342758,94.17072107878523
30.14849538675452,94.1669382381428
30.190184201130165,94.16315016665423
30.231930662072322,94.15935685708637
30.27373484929363,94.15555830219608
30.31559684261701,94.15175449473026
30.357516721975713,94.14794542742571
30.399494567413534,94.14413109300925
30.441530459084984,94.14182559420966
30.483624477255358,94.13953535985739
30.525776702300988,94.13724195860895
30.56798721470932,94.13494538608519
30.610256095079087,94.13264563790095
30.652583424120518,94.13034270966496
30.69496928265539,94.12803659697992
30.737413751617293,94.12609091563836
30.779916912051696,94.12419151548865
30.822478845116127,94.12228948888146
30.865099632080387,94.12038483218505
30.90777935432659,94.1184775417625
30.95051809334945,94.116567613972
30.993315930756324,94.11465504516657
31.036172948267414,94.11273983169436
31.07908922771596,94.11082196989827
31.122064851048318,94.10848247464105
31.1650999003242,94.10574212822206
31.20819445771675,94.10299799249977
31.251348605512746,94.1002500622344
31.294562426112783,94.09749833217889
31.337836002031352,94.094742797079
31.38116941589709,94.09198345167313
31.424562750452864,94.08922029069252
31.46801608855593,94.08645330886101
31.511529513178196,94.08336884529318
31.555103107406207,94.07940880442709
31.598736954441488,94.07544328768545
31.642431137600553,94.0714722874963
31.68618574031513,94.06749579627727
31.730000846132352,94.06351380643542
31.77387653871483,94.05952631036736
31.81781290184092,94.0555333004592
31.86181001940476,94.05153476908646
31.90586797541656,94.04753070861419
31.94998685400265,94.04352111139683
31.99416673940569,94.03950596977825
32.038407715984874,94.03576876344346
32.082709868215986,94.0320695041974
32.12707328069168,94.02836512968007
32.17149803812155,94.02465563281817
32.215984225332306,94.02094100652862
32.26053192726801,94.01722124371851
32.305141228990124,94.01349633728518
32.349812215677794,94.0097662801161
32.39454497262788,94.00603106508892
32.439339585255254,94.00229068507146
32.48419613909286,93.99854513292166
32.529114719791906,93.9957263539632
32.57409541312209,93.99341025308293
32.619138304971635,93.99109094953872
32.66424348134762,93.98876843890194
32.709411028375975,93.98644271673788
32.754641032301734,93.98411377860576
32.79993357948924,93.98178162005853
32.84528875642221,93.97944623664307
32.89070664970397,93.9771076239001
32.93618734605761,93.97476577736415
32.98173093232608,93.97242069256362
33.02733749547251,93.96990496842335
33.07300712258019,93.96727374330396
33.118739900852894,93.9646388797723
33.16453591761494,93.96200037279722
33.21039526031141,93.95935821734066
33.25631801650832,93.95671240835755
33.302304273892716,93.95406294079585
33.34835412027298,93.95140980959656
33.39446764357884,93.94875300969363
33.44064493186164,93.94609253601408
33.4868860732945,93.94342838347787
33.53319115617241,93.93883134423653
33.57956026891252,93.93346466040985
33.62599350005421,93.92809055562623
33.672490938259244,93.92270901962411
33.71905267231208,93.91732004212774
33.76567879111986,93.9119236128471
33.812369383712735,93.90651972147806
33.85912453924392,93.90110835770214
33.905944346989905,93.89568951118663
33.952828896350674,93.89026317158454
33.99977827684977,93.88482932853454
34.0467925781346,93.87751697042428
34.093871889976484,93.87018562305325
34.14101630227086,93.86284413802271
34.18822590503754,93.85549250131454
34.235500788420744,93.84813069889117
34.2828410426894,93.84075871669559
34.33024675823721,93.83337654065144
34.37771802558288,93.82598415666284
34.425254935370326,93.81858155061434
34.47285757836874,93.81116870837117
34.52052604547289,93.80463140358717
34.568260427703194,93.79925799191388
34.61606081620592,93.79387714998052
34.66392730225343,93.78848886751264
34.71185997724422,93.7830931342216
34.75985893270324,93.77768993980455
34.80792426028195,93.77227927394432
34.85605605175855,93.7668611263096
34.90425439903819,93.76143548655466
34.95251939415304,93.7560023443196
35.00085112926261,93.75064854952468
35.04924969665377,93.75013959018999
35.09771518874103,93.7496299270752
35.14624769806672,93.74911955920714
35.19484731730108,93.74860848561127
35.24351413924256,93.74809670531174
35.29224825681786,93.74758421733132
35.34104976308224,93.74707102069145
35.38991875121958,93.7465571144122
35.43885531454264,93.74604249751228
35.48785954649323,93.7455271690091
35.53693154064233,93.74680362486471
35.58607139069034,93.74867190558358
35.6352791904672,93.75054276972851
35.68455503393265,93.75241622087178
35.73389901517628,93.75429226259065
35.78331122841783,93.75617089846737
35.83279176800731,93.75805213208905
35.88234072842521,93.75993596704781
35.93195820428269,93.76182240694077
35.98164429032168,93.76371145536994
36.03139908141513,93.76391721553033
36.08122267256722,93.7631363303862
36.13111515891345,93.76235436544768
36.18107663572093,93.76157131922169
36.23110719838844,93.76078719021301
36.281206942446694,93.76000197692436
36.33137596355854,93.75921567785649
36.38161435751906,93.75842829150794
36.43192222025585,93.75763981637527
36.4822996478291,93.75685025095292
36.53274673643185,93.75316479314824
36.58326358239018,93.74790737027779
36.633850282163316,93.7426426775345
36.68450693234394,93.73737070486582
36.73523362965823,93.73209144220512
36.786030470966125,93.72680487947197
36.83689755326156,93.72151100657192
36.88783497367251,93.71620981339665
36.93884282946133,93.71090128982375
36.98992121802482,93.7055854257169
37.04107023689445,93.6992117711668
37.09228998373661,93.69257116513519
37.14358055635268,93.68592137658925
37.194942052679345,93.6792623928315
37.24637457078865,93.67259420114698
37.29787820888827,93.6659167888031
37.349453065321725,93.65923014304975
37.401099238568435,93.65253425111909
37.452816827244106,93.64582910022568
37.504605930100716,93.63944168056577
37.55646664602681,93.63639988105307
37.60839907404774,93.63335387539298
37.6604033133257,93.63030365776933
37.71247946316008,93.62724922235783
37.76462762298753,93.6241905633263
37.8168478923822,93.62112767483427
37.86914037105597,93.61806055103341
37.921505158858544,93.61498918606715
37.97394235577776,93.61191357407093
38.026452061939665,93.60883370917198
38.079034377608764,93.60574958548948
38.131689403188254,93.60266119713448
38.18441723922009,93.59956853820984
38.23721798638533,93.59874561958833
38.29009174550422,93.59887507217525
38.343038617536386,93.59900470376694
38.39605870358113,93.59913451461095
38.44915210487748,93.59926450495512
38.50231892280452,93.59939467504766
38.55555925888147,93.59952502513717
38.60887321476794,93.5996555554725
38.66226089226414,93.5997862663029
38.71572239331101,93.59913669130661
38.7692578199905,93.59661007253298
38.82286727452566,93.59407995999491
38.87655085928091,93.59154634886129
38.93030867676226,93.58900923429432
38.984140829617395,93.5864686114495
39.03804742063602,93.58392447547567
39.0920285527499,93.58137682151492
39.14608432903316,93.57882564470265
39.20021485270247,93.57627094016749
39.2544202271172,93.5737127030314
39.308700555779694,93.57115092840957
39.36305594233534,93.5685856114104
39.41748649057289,93.56601674713552
39.47199230442462,93.5634443306799
39.52657348796652,93.55888273120975
39.58123014541848,93.5522191372843
39.6359623811445,93.54554632905722
39.69077029965289,93.53886429378713
39.745654005596485,93.53217301871503
39.800613603772874,93.52547249106429
39.85564919912448,93.51876269804062
39.91076089673885,93.512043626832
39.965948801848924,93.50531526460873
40.02121301983304,93.49848455517993
40.07655365621537,93.49149484040942
40.13197081666591,93.48449546038303
40.1874646070008,93.47748640173585
40.24303513318254,93.47046765108443
40.29868250132009,93.46343919502685
40.3544068176692,93.45640102014262
40.4102081886325,93.44935311299275
40.466086720759755,93.44229546011961
40.522042520748116,93.43522804804697
40.578075695442195,93.42815086328001
40.63418635183442,93.42272902565283
40.69037459706512,93.41836888644714
40.746640538422774,93.41400271811693
40.802984283344266,93.40963051232517
40.85940593941498,93.40525226072337
40.915905614369116,93.40086795495154
40.97248341608983,93.39647758663801
41.029139452609414,93.39208114739965
41.08587383210964,93.38767862884167
41.142686662921776,93.38327002255772
41.19957805352696,93.37885532012974
41.2565481125563,93.3763952542253
41.313596948791094,93.37394647230802
41.370724671163124,93.37149430425772
41.427931388754736,93.36903874539217
41.485217210799185,93.3665797910226
41.54258224668071,93.36411743645372
41.600026605934794,93.36165167698385
41.65755039824847,93.35918250790472
41.71515373346033,93.3567099245016
41.77283672156098,93.35423392205318
41.830599472693,93.35117512303577
41.88844209715131,93.34759710734672
41.946364705383395,93.34401414403987
42.004367407989385,93.34042622627375
42.06245031572242,93.33683334719746
42.12061353948874,93.33323549995053
42.178857190347934,93.32963267766308
42.237181379513224,93.32602487345572
42.29558621835154,93.32241208043956
42.35407181838388,93.31879429171609
42.412638291285404,93.31517150037742
42.47128574888568,93.31154369950598
42.53001430316898,93.30667075561075
42.588824066274356,93.30060302174054
42.64771515049598,93.29452689751359
42.70668766828326,93.28844237132789
42.765741732241096,93.28234943156532
42.82487745513014,93.27624806659178
42.88409494986691,93.270138264757
42.94339432952414,93.26402001439465
43.00277570733084,93.25789330382224
43.0622391966726,93.25175812134115
43.12178491109187,93.24543159797226
43.181412964288015,93.23877897903031
43.2411234701177,93.23211716096273
43.30091654259497,93.22544613104914
43.36079229589152,93.21876587655159
43.42075084433701,93.21207638471445
43.480792302419054,93.20537764276447
43.540916784783725,93.19866963791083
43.60112440623553,93.19195235734486
43.66141528173771,93.18522578824032
43.72178952641256,93.17904754670018
43.78224725554153,93.1738496432851
43.84278858456544,93.16864455229968
43.90341362908479,93.16343226380512
43.96412250485987,93.15821276784881
44.024915327811115,93.15298605446439
44.08579221401923,93.14775211367173
44.14675327972541,93.14251093547688
44.207798641331564,93.13726250987209
44.268928415400644,93.13200682683578
44.330142718656695,93.1267438763325
44.39144166798525,93.12147364831293
44.45282538043339,93.11726024792186
44.514293973210066,93.11321370574706
44.57584756368636,93.10916156808423
44.63748626939557,93.105103827196
44.6992102080336,93.10104047533434
44.76101949745904,93.0969715047405
44.82291425569345,93.09289690764497
44.88489460092165,93.08881667626753
44.94696065149179,93.0847308028172
45.009112525915796,93.08058856876637
45.071350342869366,93.07614503758715
45.133674221192294,93.07169536197044
45.19608427988881,93.06723953341971
45.258580638127576,93.06277754342692
45.32116341524214,93.05830938347204
45.38383273073101,93.0538350450234
45.4465887042579,93.04935451953747
45.50943145565209,93.04481291561326
45.57236110490847,93.03995379470429
45.63537777218792,93.03508795468754
45.69848157781743,93.03021538627195
45.76167264229037,93.02533608015362
45.82495108626679,93.02045002701577
45.88831703057352,93.01555721752872
45.951770596204504,93.01065764234993
46.01531190432099,93.00575129212389
46.07894107625172,93.00083815748224
46.14265823349331,92.99591822904354
46.206463497710246,92.99106757658386
46.27035699073538,92.98688621272868
46.33433883456994,92.98269906695639
46.39840915138387,92.97850613127184
46.46256806351611,92.97430739766884
46.52681569347468,92.97010285813013
46.59115216393708,92.96589250462739
46.65557759775041,92.96167632912115
46.72009211793159,92.95745432356084
46.78469584766777,92.95322647988478
46.84938891031631,92.94936155348303
46.91417142940525,92.9456056997579
46.97904352863339,92.94184465250366
47.044005331870544,92.93807840453877
47.109056963157904,92.93430694867176
47.1741985467081,92.93053027770128
47.23943020690559,92.92674838441594
47.30475206830677,92.92296126159444
47.370164255640276,92.91916890200547
47.43566689380727,92.91537129840766
47.501260107881556,92.91154468875
47.56694402310996,92.90649834150332
47.63271876491243,92.90144501625555
47.698584458882365,92.89638470335763
47.76454123078687,92.89131739314716
47.830589206566884,92.88624307594837
47.89672851233758,92.88116174207214
47.96295927438847,92.87607338181594
48.029281619183664,92.87097798546375
48.09569567336224,92.86587554328626
48.16220156373829,92.86076604554057
48.22879941730136,92.85530296303915
48.29548936121651,92.84937687239285
48.36227152282466,92.84344258725163
48.42914602964285,92.83750009628426
48.49611300936445,92.83154938814387
48.56317258985936,92.82559045146792
48.63032489917432,92.81962327487808
48.69757006553309,92.8136478469804
48.76490821733682,92.80847546348163
48.83233948316416,92.80332635515867
48.89986399177156,92.7981701267384
48.967481872093494,92.79300676837524
49.03519325324273,92.7878362702101
49.10299826451061,92.7826586223701
49.17089703536725,92.77747381496887
49.238889695461744,92.77228183810625
49.30697637462249,92.76708268186844
49.375157202857444,92.76187633632794
49.443432310354275,92.75715635597993
49.511801827480745,92.7527125884356
49.58026588478482,92.74826267612691
49.648824612994986,92.74380661055697
49.71747814302058,92.73934438321716
49.78622660595184,92.73487598558711
49.855070133060394,92.73040140913463
49.92400885579931,92.72592064531575
49.99304290580341,92.72143368557471
50.06217241488962,92.71582911010658
50.131397515057074,92.71009224582185
50.20071833848748,92.70434744870113
50.27013501754529,92.69859470777499
50.33964768477796,92.69283401205888
50.40925647291632,92.68706535055306
50.478961514874634,92.68128871224258
50.54876294375106,92.67550408609723
50.61866089282773,92.6697114610716
50.68865549557105,92.66391082610495
50.7587468856321,92.65810217012131
50.828935196846636,92.65197486226795
50.899220563235595,92.64539564259987
50.96960311900516,92.63880732530144
51.04008299854708,92.63220989779258
51.110660336439025,92.62560334747586
51.18133526744466,92.61898766173641
51.252107926514086,92.61236282794192
51.32297844878395,92.60572883344265
51.39394696957775,92.59908566557134
51.46501362440619,92.59243331164315
51.53617854896726,92.58644230156119
51.60744187914667,92.58109235043044
51.67880375101799,92.57573500148044
51.75026430084291,92.57037024448158
51.82182366507165,92.56499806919021
51.89348198034299,92.55961846534838
51.965239383484764,92.55423142268405
52.03709601151393,92.54883693091097
52.1090520016369,92.54343497972859
52.181107491249904,92.53802555882218
52.25326261793904,92.5329217798875
52.3255175194808,92.52792217099135
52.397872333842066,92.52291564872303
52.470327199180524,92.51790220352297
52.54288225384497,92.51288182581817
52.615537636375414,92.50785450602251
52.688293485503536,92.5028202345366
52.76114994015276,92.49777900174773
52.834107139438636,92.49273079802998
52.907165222669136,92.48767561374403
52.980324329344775,92.48261343923731
53.05358459915906,92.4768171655782
53.1269461719986,92.47074552496552
53.200409187943414,92.46466548859395
53.27397378726733,92.45857704485398
53.34764011043801,92.45248018212004
53.42140829811748,92.44637488875048
53.495278491162175,92.44026115308759
53.56925083062331,92.43413896345749
53.64332545774724,92.42800830817016
53.71750251397548,92.42186917551949
53.7917821409453,92.41572155378311
53.86616448048969,92.40968555378889
53.940649674637775,92.40365614554717
54.01523786561515,92.39761839994475
54.08992919584406,92.39157230545284
54.16472380794364,92.38551785052677
54.23962184473026,92.37945502360587
54.31462344921774,92.37338381311349
54.38972876461774,92.36730420745697
54.46493793433992,92.36121619502762
54.540251101992204,92.35553808755596
54.61566841138108,92.35021702689353
54.691190006512,92.3448886083611
54.7668160315894,92.33955282178431
54.842546631017264,92.33420965697478
54.91838194939914,92.32885910373
54.99432213153855,92.32350115183338
55.07036732243933,92.31813579105416
55.146517667305716,92.31276301114752
55.222773311542824,92.30750047836194
55.29913440075676,92.30250742730823
55.375601080755,92.29750747195045
55.45217349754667,92.29250060274148
55.52885179734272,92.28748681012098
55.60563612655638,92.28246608451535
55.68252663180325,92.27743841633777
55.75952345990168,92.27240379598823
55.83662675787311,92.26736221385333
55.91383667294217,92.26231366030646
55.99115335253718,92.25725812570766
56.06857694429024,92.25220410669249
56.146107596037595,92.24714419792393
56.223745455819994,92.24207729240167
56.30149067188278,92.23700338045069
56.37934339267642,92.23192245238265
56.45730376685654,92.22683449849573
56.535371943284346,92.22173950907478
56.61354807102696,92.21663747439122
56.69183229935753,92.21152838470293
56.770224777755715,92.2064122302544
56.848725655907806,92.2012890012766
56.927335083707064,92.19615868798701
57.0060532112541,92.19106574848827
57.08488018885698,92.1865003132886
57.16381616703172,92.18192856508466
57.24286129650238,92.17735049514692
57.322015728201464,92.1727660947338
57.40127961327022,92.16817535509163
57.48065310305882,92.16357826745464
57.560136349126815,92.1589748230449
57.63972950324325,92.15436501307242
57.71943271738703,92.14974882873497
57.7992461437473,92.14512626121824
57.879169934723535,92.14049730169563
57.95920424292606,92.13586194132841
58.03934922117616,92.13092255998946
58.11960502250639,92.12566736999044
58.19997180016106,92.12040491320623
58.280449707596226,92.11513517958842
58.36103889848028,92.10985815907475
58.441739526694,92.10457384158899
58.522551746330954,92.09928221704105
58.60347571169789,92.09398327532683
58.68451157731479,92.0886770063283
58.76565949791543,92.08336339991342
58.84691962844745,92.0780424459361
58.92829212407278,92.07271413423634
59.00977714016797,92.06730274046646
59.09137483232429,92.06132779025715
59.17308535634831,92.05534457799075
59.254908868261936,92.04935309224261
59.336845524302824,92.04335332157235
59.41889548092477,92.0373452545237
59.501058894797765,92.03132887962455
59.5833359228086,92.02530418538697
59.665726722060896,92.01927116030713
59.7482314498755,92.01322979286526
59.83085026379088,92.00718007152572
59.913583321563344,92.00112198473686
59.99643078116728,91.99505552093109
60.07939280079553,91.98883918641813
60.16246953885969,91.9826078867369
60.24566115399044,91.97636797052303
60.32896780503781,91.97011942586168
60.41238965107144,91.96386224082158
60.49592685138096,91.95759640345499
60.579579565476195,91.9513219017976
60.66334795308765,91.9450387238686
60.747232174166676,91.93874685767058
60.831232388885745,91.93132842725686
60.915348757638796,91.9220085672179
60.999581441041684,91.91267581983878
61.083930599932216,91.90333016729909
61.16839639537072,91.89397159175383
61.252978988640166,91.88460007533331
61.33767854124652,91.87521560014306
61.42249521491918,91.86581814826398
61.50742917161105,91.85645039289511
61.592480573499124,91.8475156748893
61.67764958298453,91.83856860211107
61.762936362692976,91.8296091574764
61.84834107547513,91.8206373238777
61.933863884406755,91.81165308418377
62.019504952789184,91.80265642123966
62.10526444414952,91.7936473178667
62.19114252224094,91.7846257568625
62.27713935104318,91.77936536953989
62.36325509476261,91.774531668862
62.44948991783274,91.76969128422701
62.535843984914415,91.76484420639245
62.622317460896134,91.75999042610306
62.70891051089451,91.7551299340908
62.79562330025435,91.75026272107488
62.88245599454922,91.7453887777615
62.96940875958154,91.74050809484424
63.05648176138301,91.73438297506914
63.143675166215,91.72757811111136
63.23098914056865,91.72076383750623
63.318423851165484,91.71394014124222
63.40597946495742,91.70710700928983
63.49365614912727,91.70026442860161
63.581454071089105,91.69341238611197
63.669373398488375,91.68655086873731
63.75741429920246,91.67967986337591
63.84557694134079,91.67279935690796
63.93386149324526,91.6659093361955
64.02226812349063,91.65894889961004
64.11079700088466,91.65179774346154
64.19944829446861,91.64463669881884
64.28822217351744,91.63746575200834
64.37711880754016,91.63028488933746
64.46613836628025,91.62309409709474
64.55528101971589,91.61589336154971
64.64454693806026,91.60868266895302
64.73393629176194,91.60146200553616
64.82344925150511,91.59423135751167
64.91308598821014,91.58699071107303
65.00284667303366,91.57979018942338
65.09273147736894,91.57411260077674
65.1827405728463,91.56842716125941
65.27287413133331,91.56273386001531
65.36313232493528,91.5570326861734
65.45351532599554,91.55132362884761
65.54402330709561,91.54560667713677
65.63465644105572,91.53988182012465
65.72541490093504,91.53414904687996
65.81629886003209,91.52840834645626
65.90730849188505,91.522659707892
65.99844397027196,91.51690312021044
66.08970546921124,91.50760425168733
66.18109316296187,91.49823113380292
66.27260722602388,91.48884505493436
66.36424783313858,91.47944599715936
66.45601515928885,91.47003394253097
66.54790937969956,91.46060887307738
66.63993066983785,91.45117077080187
66.73207920541358,91.44171961768289
66.82435516237953,91.43225539567398
66.91675871693177,91.42277808670372
67.00929004551,91.41396524833827
67.1019493247979,91.41121987743867
67.19473673172351,91.408470710288
67.28765244345952,91.40571774163688
67.38069663742357,91.40296096622866
67.47386949127863,91.40020037879941
67.56717118293335,91.39743597407794
67.66060189054241,91.39466774678574
67.75416179250686,91.39189569163709
67.84785106747437,91.38911980333883
67.94166989433968,91.38634007659057
68.03561845224486,91.38221710980639
68.12969692057978,91.37589196350432
68.22390547898232,91.36955807090008
68.31824430733876,91.36321541989946
68.41271358578412,91.35686399839152
68.50731349470246,91.3505037942485
68.60204421472737,91.34413479532599
68.69690592674219,91.33775698946266
68.79189881188036,91.33137036448045
68.88702305152576,91.32497490818446
68.98227882731308,91.31857060836289
69.07766632112826,91.3102619932755
69.17318571510872,91.30150880296982
69.26883719164367,91.29274350890502
69.36462093337458,91.28396609434424
69.46053712319541,91.27517654252749
69.55658594425313,91.26637483667152
69.6527675799479,91.25756095997001
69.7490822139335,91.24873489559327
69.84553003011759,91.23989662668845
69.94211121266225,91.23104613637925
70.03882594598413,91.2237357273256
70.13567441475494,91.21873289053997
70.23265680390175,91.21372313591871
70.32977329860724,91.20870645389606
70.42702408431033,91.20368283489285
70.52440934670621,91.19865226931677
70.62192927174698,91.19361474756222
70.71958404564174,91.18857026001031
70.81737385485712,91.1835187970289
70.9152988861177,91.17846034897242
71.01335932640606,91.17282264162303
71.11155536296354,91.16354383627261
71.20988718329025,91.15425220035176
71.3083549751456,91.14494771611857
71.40695892654868,91.13563036580662
71.50569922577859,91.12630013162493
71.60457606137467,91.11695699575789
71.70358962213705,91.10760094036529
71.80274009712686,91.09823194758222
71.90202767566674,91.08884999951913
72.00145254734116,91.07951174479639
72.1010149019966,91.0739879423915
72.20071492974216,91.06845650176881
72.30055282094973,91.06291741236636
72.40052876625457,91.05737066360757
72.5006429565555,91.05181624490119
72.60089558301524,91.04625414564133
72.70128683706095,91.04068435520752
72.80181691038436,91.03510686296444
72.9024859949424,91.02952165826225
73.00329428295741,91.02397228964173
73.1042419669175,91.01970642558835
73.20532923957693,91.01543466277242
73.30655629395648,91.01115699303728
73.40792332334392,91.00687340821491
73.50943052129432,91.00258390012607
73.61107808163025,90.99828846058013
73.7128661984424,90.99398708137521
73.81479506608977,90.989679754298
73.91686487920019,90.98536647112395
74.01907583267065,90.97984766213467
74.12142812166753,90.96908613776498
74.22392194162715,90.9583097325468
74.326557488256,90.94751842590313
74.4293349575313,90.93671219722859
74.53225454570125,90.92589102588921
74.63531644928536,90.91505489122257
74.73852086507488,90.90420377253763
74.84186799013317,90.89333764911476
74.94535802179618,90.88245650020565
75.0489911576727,90.87331098466495
75.1527675956447,90.86610813236608
75.25668753386785,90.85889532008848
75.36075117077172,90.85167253405966
75.46495870506041,90.84443976048813
75.56931033571276,90.83719698556324
75.67380626198263,90.82994419545533
75.77844668339954,90.82268137631559
75.8832317997688,90.815408514276
75.9881618111721,90.80812559544945
76.09323691796783,90.8008326059296
76.19845732079132,90.79352953179081
76.30382322055539,90.78875418467703
76.40933481845063,90.78400992073449
76.51499231594593,90.7792590965064
76.62079591478876,90.77450170292127
76.72674581700545,90.76973773089516
76.83284222490178,90.76496717133149
76.9390853410632,90.76019001512115
77.04547536835541,90.7554062531424
77.15201250992457,90.7506158762609
77.25869696919773,90.74581887532968
77.36552894988317,90.74101524118907
77.47250865597105,90.73620496466687
77.57963629173338,90.72756217501517
77.68691206172481,90.7175848775186
77.79433617078276,90.70759378358882
77.90190882402784,90.69758887414837
78.00963022686446,90.68757013009333
78.11750058498089,90.67753753229356
78.22552010434997,90.66749106159223
78.33368899122922,90.65743069880618
78.44200745216143,90.64735642472569
78.55047569397506,90.63726822011444
78.65909392378441,90.62716606570955
78.76786234899038,90.61704994222146
78.87678117728048,90.60931151931085
78.98585061662943,90.60256498197651
79.0950708752997,90.59580911564784
79.2044421618415,90.58904390742487
79.31396468509364,90.58226934438977
79.42363865418356,90.57548541360688
79.5334642785279,90.56869210212267
79.64344176783294,90.56188939696564
79.75357133209494,90.5550772851464
79.86385318160045,90.54825575365756
79.97428752692687,90.54142478947377
80.08487457894272,90.5351276843084
80.1956145488082,90.52898669159089
80.30650764797547,90.5228372072156
80.41755408818902,90.51667921944039
80.52875408148621,90.51051271650692
80.6401078401975,90.50433768664062
80.75161557694709,90.49815411805058
80.86327750465314,90.49196199892954
80.9750938365282,90.48576131745403
81.08706478607967,90.47955206178416
81.19919056711012,90.47333422006368
81.31147139371788,90.46611186614295
81.4239074802973,90.45887231062822
81.53649904153914,90.45162274438223
81.64924629243106,90.44436315356229
81.76214944825794,90.4370935243066
81.87520872460244,90.42981384273418
81.98842433734536,90.42252409494483
82.1017965026659,90.41522426701921
82.21532543704224,90.40791434501865
82.32901135725184,90.40059431498527
82.44285448037205,90.39326416294183
82.55685502378032,90.38614184051396
82.67101320515467,90.37922905170042
82.78532924247412,90.37230670400288
82.89980335401908,90.36537478420354
83.0144357583719,90.35843327906618
83.12922667441714,90.35148217533644
83.24417632134195,90.34452145974149
83.35928491863666,90.33755111899025
83.47455268609502,90.33057113977321
83.58997984381479,90.32358150876246
83.7055666121981,90.31658221261169
83.82131321195176,90.30953702274276
83.9372198640878,90.30232138095825
84.0532867899238,90.29509576150993
84.16951421108352,90.28786015060088
84.28590234949712,90.28061453441508
84.40245142740159,90.2733588991174
84.51916166734125,90.26609323085358
84.63603329216811,90.25881751575024
84.75306652504241,90.25153173991475
84.87026158943303,90.2442358894353
84.98761870911768,90.2369299503809
85.10513810818364,90.22714775688571
85.22282001102793,90.2170612157766
85.34066464235802,90.20696072717408
85.45867222719205,90.1968462717918
85.57684299085926,90.1867178303168
85.69517715900044,90.17657538340929
85.81367495756854,90.16641891170285
85.93233661282879,90.15624839580418
86.05116235135944,90.14606381629328
86.17015240005195,90.1358651537232
86.2893069861115,90.12892239996722
86.40862633705758,90.12306429227509
86.52811068072413,90.11719808409362
86.64776024526027,90.11132376422165
86.76757525913054,90.10544132144247
86.88755595111532,90.09955074452385
87.00770255031152,90.09365202221805
87.12801528613267,90.08774514326178
87.24849438830965,90.08183009637617
87.36914008689097,90.07590687026673
87.48995261224314,90.06997545362339
87.61093219505143,90.06291224439214
87.73207906631988,90.05573736132357
87.85339345737218,90.04855255695162
87.97487559985167,90.04135781755731
88.0965257257221,90.03415312940268
88.21834406726802,90.02693847873074
88.34033085709517,90.0197138517655
88.46248632813084,90.0124792347119
88.58481071362449,90.00482627843996
88.70730424714804,89.99698187421548
88.82996716259649,89.98912662288545
88.95279969418826,89.98126050945065
89.07580207646554,89.9733835188912
89.19897454429491,89.9654956361664
89.32231733286767,89.95759684621471
89.44583067770041,89.94968713395384
89.56951481463541,89.94176648428062
89.69336997984097,89.93383488207098
89.81739640981199,89.9258923121799
89.94159434137038,89.91793875944154
90.06596401166559,89.90975256030724
90.19050565817498,89.90135851883464
90.31521951870424,89.8929528702277
90.44010583138791,89.88453559843627
90.56516483468978,89.87610668738796
90.69039676740347,89.86766612098826
90.81580186865283,89.85921388312033
90.94138037789222,89.85074995764508
91.06713253490719,89.8422743284011
91.19305857981482,89.83378697920459
91.31915875306431,89.82892742317927
91.44543329543735,89.82427335901365
91.57188244804848,89.81961285928914
91.69850645234568,89.81494591510678
91.82530555011078,89.81027251755529
91.95227998346003,89.80559265771105
92.07942999484447,89.80090632663813
92.20675582705029,89.79621351538817
92.33425772319947,89.79151421500059
92.4619359267501,89.78680841650227
92.58979068149706,89.77811219965635
92.7178222315723,89.76771276251436
92.84603082144527,89.75729894521184
92.97441669592354,89.7468707278641
93.10298010015309,89.73642809055902
93.23172127961905,89.72597101335693
93.36064048014596,89.71549947629059
93.48973794789818,89.70501345936519
93.61901392938054,89.69451294255818
93.74846867143867,89.68399790581941
93.87810242125963,89.67614947509514
94.00791542637228,89.67006180688288
94.13790793464766,89.66396572074903
94.26808019429961,89.65786120505345
94.39843245388519,89.65174824813987
94.5289649623052,89.64562683833593
94.65967796880463,89.6394969639531
94.79057172297306,89.63335861328676
94.92164647474517,89.627211774616
95.0529024744013,89.6187667379118
95.18433997256787,89.60691407631005
95.31595922021795,89.59504502505426
95.44776046867148,89.58315956148108
95.57974396959597,89.5712576628959
95.71190997500705,89.55933930657261
95.84425873726866,89.54740446975377
95.97679050909387,89.5354531296504
96.10950554354508,89.52348526344208
96.24240409403461,89.51421480115057
96.37548641432535,89.51073076523096
96.50875275853086,89.50724191164716
96.64220338111632,89.50374823373737
96.77583853689859,89.50024972483061
96.90965848104695,89.49674637824667
97.0436634690836,89.49323818729607
97.17785375688392,89.48972514528013
97.3122296006773,89.48620724549086
97.44679125704728,89.48268448121105
97.58153898293222,89.47624067344147
97.71647303562582,89.46788235852893
97.85159367277762,89.45951248588408
97.98690115239332,89.45113103952508
98.12239573283541,89.44273800344804
98.2580776728236,89.4343333616269
98.39394723143546,89.42591709801339
98.53000466810683,89.41748919653715
98.66625024263212,89.40904964110551
98.80268421516513,89.40058846698498
98.93930684621925,89.39161861854608
99.07611839666828,89.38263636675693
99.2131191277467,89.37364169446646
99.35030930105015,89.3646345844998
99.48768917853603,89.35561501965832
99.62525902252393,89.34658298271965
99.7630190956963,89.3375384564376
99.90096966109876,89.32848142354213
100.0391109821406,89.31913694142342
100.1774433225954,89.30908245507085
100.31596694660139,89.29901406554966
100.45468211866232,89.28893175363476
100.59358910364742,89.27883550007455
100.73268816679223,89.26872528559073
100.87197957369912,89.2586010908784
101.01146359033757,89.24846289660594
101.15114048304518,89.23831068341501
101.29101051852751,89.22814443192048
101.43107396385903,89.21796412271043
101.5713310864835,89.20986114002476
101.71178215421442,89.20377063552932
101.8524274352359,89.19767170919037
101.99326719810259,89.19156434936228
102.1343017117406,89.18544854438339
102.27553124544792,89.17932428257586
102.41695606889479,89.17319155224578
102.55857645212467,89.16705034168301
102.70039266555412,89.1609006391612
102.84240497997374,89.15474243293785
102.98461366654854,89.1485757112542
103.12701899681842,89.14069614484437
103.26962124269907,89.13259894624383
103.41242067648187,89.12449055097808
103.5554175708348,89.11637094356456
103.69861219880292,89.10824010849932
103.8420048338087,89.10009803025694
103.98559574965306,89.09194469329059
104.12938522051515,89.08378008203185
104.27337352095343,89.07560418089086
104.41756092590595,89.06745442544843
104.56194771069086,89.05956385828023
104.70653415100733,89.05166238017313
104.85132052293547,89.0437499760397
104.99630710293721,89.03582663077167
105.14149416785678,89.02789232923976
105.28688199492115,89.01994705629387
105.43247086174091,89.01199079676296
105.57826104631025,89.00402353545489
105.72425282700782,88.99604525715664
105.87044648259725,88.9880559466341
106.01684229222751,88.98003538979232
106.1634405354339,88.97184815481704
106.31024149213796,88.96364959867581
106.45724544264836,88.95543970571391
106.60445266766142,88.94721846025504
106.75186344826145,88.93898584660111
106.8994780659218,88.9307418490324
107.04729680250469,88.92248645180742
107.19531994026222,88.91421963916292
107.34354776183679,88.90594139531386
107.49198055026147,88.8976517044534
107.64061858896112,88.88964060002893
107.78946216175208,88.88163498231366
107.93851155284335,88.87361829456962
108.08776704683689,88.86559052148942
108.23722892872807,88.8575516477444
108.38689748390672,88.84950165798477
108.53677299815695,88.84144053683946
108.68685575765815,88.83336826891623
108.83714604898546,88.82528483880152
108.98764415911016,88.81719023106041
109.13835037540068,88.80961822731054
109.28926498562248,88.80208349157135
109.44038827793908,88.79453833693083
109.59172054091243,88.78698274898186
109.74326206350342,88.77941671329745
109.89501313507282,88.77184021543064
110.04697404538119,88.76425324091456
110.1991450845899,88.75665577526223
110.35152654326151,88.74904780396672
110.5041187123603,88.74142931250098
110.65692188325319,88.73397533800983
110.80993634770967,88.72680631091937
110.9631623979028,88.71962737062312
111.11660032640968,88.71243850341324
111.27025042621182,88.70523969556298
111.4241129906962,88.69803093332659
111.57818831365519,88.69081220293934
111.73247668928751,88.68358349061741
111.88697841219867,88.67634478255798
112.04169377740146,88.6688045293212
112.19662308031695,88.66046247532626
112.35176661677437,88.65210888608436
112.50712468301214,88.64374374564473
112.6626975756783,88.63536703803457
112.81848559183096,88.62697874725905
112.97448902893939,88.61857885730109
113.1307081848838,88.61016735212161
113.28714335795644,88.60174421565922
113.44379484686205,88.59330943183045
113.60066295071826,88.5848629845295
113.7577479690567,88.5764048576283
113.91505020182281,88.5689369822519
114.07256994937693,88.56182728879408
114.2303075124947,88.55470776417594
114.3882631923676,88.54757839480318
114.54643729060389,88.54043916706259
114.70483010922858,88.53329006732223
114.8634419506844,88.52613108193121
115.02227311783231,88.51884083473374
115.18132391395196,88.51079539588191
115.34059464274266,88.50273883193735
115.5000856083234,88.49467112751648
115.65979711523376,88.4865922672144
115.81972946843443,88.47850223560503
115.97988297330774,88.47040101724083
116.14025793565858,88.46228859665297
116.30085466171438,88.4541649583512
116.46167345812613,88.44603008682384
116.62271463196885,88.43788396653783
116.78397849074206,88.42972658193854
116.94546534237084,88.42155791744989
117.10717549520572,88.41337795747422
117.26910925802358,88.4050189244208
117.43126694002878,88.3964227076707
117.59364885085239,88.38781460422179
117.75625530055449,88.37919459763737
117.91908659962337,88.37056267145796
118.08214305897675,88.36223427176719
118.24542498996267,88.354205525576
118.40893270435893,88.34616567737442
118.57266651437523,88.33811471181076
118.73662673265255,88.33005261351212
118.90081367226416,88.32197936708438
119.06522764671676,88.31389495711204
119.22986896994966,88.30579936815842
119.39473795633717,88.29769258476534
119.55983492068782,88.2895745914534
119.72516017824542,88.28144537272168
119.89071404469024,88.27330491304787
120.05649683613817,88.26515319688816
120.22250886914307,88.25699020867735
120.38875046069606,88.24881593282858
120.55522192822657,88.24063035373355
120.72192358960336,88.23280019758757
120.88885576313436,88.22509408289841
121.05601876756772,88.21737731232805
121.22341292209244,88.20964987114178
121.39103854633868,88.20191174458438
121.55889596037899,88.19416291788035
121.72698548472816,88.18640337623368
121.89530744034427,88.178633104828
122.06386214862923,88.17043441535459
122.23264993142924,88.16153872810303
122.40167111103595,88.15263074005001
122.57092601018626,88.14371043418627
122.74041495206349,88.13477779347892
122.91013826029786,88.12583280087158
123.08009625896693,88.11687543928423
123.25028927259683,88.10790569161327
123.420717626162,88.09892354073145
123.59138164508643,88.0899289694878
123.76228165524405,88.0809219607077
123.93341798295933,88.07190249719271
124.10479095500831,88.06292622369544
124.27640089861852,88.05587475500282
124.44824814147012,88.04881353566208
124.62033301169636,88.04174255219021
124.79265583788411,88.03466179108553
124.96521694907499,88.02757123882772
125.13801667476521,88.01914295973006
125.31105534490678,88.01036789959592
125.48433328990788,88.00158070546144
125.65785084063351,87.99278136054795
125.83160832840656,87.98396984805356
126.00560608500766,87.97514615115313
126.17984444267637,87.96631025299831
126.35432373411165,87.95746213671741
126.52904429247238,87.94903212824268
126.70400645137853,87.9427519004292
126.879210544911,87.9364629884261
127.05465690761278,87.930165380225
127.23034587448944,87.92385906380095
127.4062777810097,87.91754402711238
127.58245296310652,87.91122025810107
127.758871757177,87.90488774469208
127.93553450008353,87.89854647479383
128.11244152915432,87.89082165298635
128.2895931821839,87.88229686236878
128.46698979743425,87.8737602838192
128.64463171363474,87.86521190103745
128.8225192699833,87.85665169770088
129.0006528061468,87.84807965746421
129.1790326622617,87.83949576395959
129.35765917893528,87.83090000079653
129.53653269724524,87.82229235156184
129.7156535587412,87.81367279981971
129.89502210544498,87.80504132911155
130.07463867985126,87.79639792295602
130.2545036249287,87.78774256484898
130.43461728411978,87.77907523826347
130.61498000134205,87.77039592664971
130.79559212098863,87.76170461343501
130.9764539879287,87.75300128202373
131.15756594750874,87.74428591579738
131.33892834555238,87.7355584981144
131.52054152836155,87.72689763354276
131.70240584271707,87.7188421356027
131.8845216358791,87.71077549866038
132.06688925558848,87.70310555897481
132.2495090500664,87.69613010677672
132.4323813680157,87.68914500904481
132.61550655862155,87.68215025244142
132.79888497155162,87.67514582361038
132.98251695695762,87.66813170917716
133.16640286547505,87.66110789574866
133.35054304822435,87.65407436991325
133.5349378568115,87.64703111824082
133.71958764332854,87.63997812728263
133.90449276035477,87.6329153835714
134.08965356095666,87.62464383195463
134.275070398689,87.61508174657014
134.46074362759543,87.60550643890052
134.64667360220912,87.5959178906622
134.8328606775538,87.58631608354638
135.0193052091438,87.57670099921889
135.20600755298506,87.56707261932024
135.39296806557593,87.55743092546554
135.5801871039075,87.54777589924451
135.7676650254649,87.53810752222135
135.95540218822728,87.5284257759348
136.1433989506688,87.52084686386253
136.33165567175942,87.51391653781292
136.52017271096528,87.5069766286291
136.70895042825,87.50002712305975
136.8979891840746,87.49306800783513
137.08728933939855,87.48609926966715
137.27685125568055,87.47912089524942
137.466675294879,87.47213287125707
137.65676181945315,87.46513518434682
137.84711119236306,87.458127821157
138.03772377707082,87.45073599201315
138.22859993754116,87.44181292916981
138.41974003824188,87.4328775276706
138.61114444414522,87.42392977045381
138.80281352072768,87.41496964043415
138.9947476339713,87.40599712050273
139.1869471503641,87.39701219352703
139.3794124369008,87.3880148423508
139.57214386108402,87.37900504979405
139.76514179092413,87.36998279865303
139.95840659494053,87.36094807170026
140.15193864216212,87.35317720802739
140.34573830212807,87.3457454863335
140.53980594488888,87.33830348818425
140.73414194100636,87.33085119936958
140.92874666155484,87.32338860565973
141.1236204781218,87.31591569280526
141.3187637628084,87.30843244653704
141.5141768882307,87.30093885256618
141.70986022751967,87.29343489658409
141.90581415432231,87.28592056426236
142.10203904280235,87.27839584125276
142.29853526764072,87.27086071318723
142.49530320403687,87.26331516567781
142.69234322770873,87.25575918431673
142.8896557148938,87.24819275467621
143.0872410423499,87.24027026661274
143.28509958735563,87.23189910240849
143.4832317277118,87.22351636270419
143.68163784174112,87.21512203149341
143.88031830828962,87.20671609274763
144.07927350672716,87.19829853041614
144.2785038169481,87.18986932842604
144.4780096193725,87.18142847068225
144.67779129494605,87.17297594106735
144.87784922514118,87.16451172344172
145.0781837919584,87.156448161205
145.27879537792543,87.14901859136336
145.47968436609997,87.14157874804191
145.68085114006885,87.13412861703468
145.8822960839492,87.12666818411606
146.08401958239006,87.1191974350407
146.28602202057115,87.11171635554363
146.48830378420598,87.10422493134013
146.6908652595408,87.09672314812569
146.89370683335588,87.08921099157607
147.09682889296695,87.08168844734719
147.30023182622435,87.07415550107517
147.5039160215157,87.06661493676522
147.70788186776505,87.05920689722944
147.91212975443432,87.05178861398561
148.11666007152454,87.04436007286888
148.32147320957498,87.0369212596949
148.52656955966597,87.0294721602596
148.73194951341807,87.02201276033934
148.93761346299328,87.01454304569074
149.14356180109644,87.00706300205086
149.3497949209749,86.99957261513686
149.55631321641988,86.99207187064631
149.76311708176723,86.98456075425689
149.9702069118979,86.97703925162654
150.17758310223925,86.96908625150245
150.3852460487651,86.96105150906162
150.59319614799693,86.9530056563189
150.80143379700445,86.9449486779111
151.00995939340632,86.93688055845388
151.2187733353715,86.92880128254158
151.4278760216191,86.92071083474725
151.63726785141967,86.91260919962264
151.84694922459585,86.90449636169804
152.05692054152303,86.89637230548244
152.26718220313072,86.88823701546342
152.47773461090227,86.88009047610701
152.68857816687648,86.87135576095788
152.899713273648,86.8625407576448
153.111140334368,86.85371356509864
153.32285975274567,86.84487416646435
153.53487193304792,86.83602254486357
153.74717728010083,86.82715868339459
153.95977619929027,86.81828256513234
154.17266909656254,86.80939417312834
154.38585637842573,86.80049349041066
154.59933845194956,86.79158049998394
154.8131157247668,86.7826551848293
155.0271886050739,86.77396182839628
155.24155750163158,86.76693800291804
155.45622282376627,86.75990446501628
155.67118498136995,86.75286120126076
155.88644438490155,86.7458081982028
156.10200144538754,86.73874544237503
156.3178565744226,86.7316729202915
156.53401018417108,86.72459061844762
156.75046268736676,86.71749852332006
156.96721449731425,86.71039662136691
157.18426602788975,86.7032848990274
157.40161769354154,86.69616334272207
157.61926990929152,86.68804898782231
157.83722309073494,86.67911148342235
158.05547765404197,86.67016162039694
158.27403401595814,86.6611993816568
158.49289259380518,86.65222475008905
158.71205380548236,86.64323770855702
158.93151806946628,86.63423823990051
159.15128580481243,86.62522632693543
159.37135743115567,86.61620195245406
159.59173336871103,86.60716509922484
159.8124140382751,86.59811574999235
160.03339986122583,86.58926128280227
160.25469125952398,86.58156099126292
160.47628865571386,86.57385005189455
160.69819247292384,86.56612844997352
160.9204031348679,86.55839617075581
161.14292106584543,86.55065319947704
161.3657466907427,86.54289952135245
161.5888804350335,86.53513512157679
161.81232272477982,86.52735998532432
162.03607398663323,86.51957409774887
162.26013464783483,86.51177744398365
162.48450513621665,86.50397000914141
162.70918588020234,86.497230926433
162.93417730880776,86.4905625704743
163.15947985164252,86.48388499362905
163.38509393890982,86.47719818314687
163.61102000140784,86.4705021262596
163.83725847053051,86.4637968101815
164.0638097782681,86.4570822221091
164.29067435720876,86.45035834922123
164.51785264053825,86.44362517867903
164.74534506204157,86.43688269762588
164.97315205610346,86.43013089318731
165.20127405770927,86.42309646255565
165.42971150244625,86.41601580028941
165.6584648265035,86.4089253470067
165.88753446667346,86.4018250891687
166.1169208603525,86.39471501321778
166.34662444554175,86.3875951055777
166.57664566084838,86.3804653526533
166.80698494548568,86.37332574083074
167.03764273927433,86.36617625647727
167.26861948264326,86.35901688594136
167.4999156166302,86.35184761555256
167.73153158288332,86.34473830785323
167.96346782366092,86.33761919502915
168.195724781833,86.3304902380198
168.42830290088204,86.32335142321288
168.6612026249035,86.31620273697719
168.8944243986075,86.30904416566263
169.12796866731856,86.30187569560034
169.36183587697712,86.2946973131025
169.59602647414033,86.28750900446234
169.83054090598264,86.28031075595419
170.06537962029734,86.27235762715698
170.30054306549638,86.26246003672031
170.53603169061202,86.25254876006797
170.77184594529737,86.24262377827488
171.00798627982712,86.23268507238981
171.24445314509921,86.2227326234353
171.48124699263442,86.21276641240773
171.7183682745782,86.2027864202771
171.9558174437011,86.1927926279872
172.19359495339964,86.18278501645534
172.4317012576978,86.1727635665725
172.67013681124686,86.16572997162172
172.90890206932693,86.1598933071349
173.1479974878477,86.15404857181007
173.3874235233491,86.14819575448702
173.6271806330029,86.14233484399013
173.86726927461248,86.13646582912826
174.10768990661447,86.13058869869484
174.3484429880794,86.12470344146782
174.5895289787124,86.11881004620959
174.83094833885485,86.11290850166704
175.0727015294841,86.10709092394961
175.3147890122152,86.10147982027489
175.55721124930133,86.0958609576637
175.79996870363487,86.09023432538716
176.0430618387488,86.08459991270149
176.28649111881637,86.07895770884808
176.53025700865305,86.07330770305344
176.77435997371694,86.06764988452919
177.0188004801096,86.06198424247202
177.2635789945777,86.05631076606369
177.50869598451268,86.05097081519847
177.75415191795258,86.05491728842377
177.99994726358256,86.05886921876352
178.24608249073566,86.06282661376372
178.49255806939456,86.0667894809808
178.73937447019117,86.07075782798167
178.98653216440823,86.07473166234365
179.2340316239809,86.07871099165459
179.48187332149564,86.08269582351278
179.73005773019364,86.0866861655271
179.97858532396978,86.09068202531682
180.22745657737423,86.07287391855563
180.47667196561406,86.0529850186674
180.72623196455226,86.03306861675482
180.97613705071097,86.0131246747885
181.22638770127068,85.99315315468654
181.4769843940716,85.97315401831445
181.72792760761547,85.9531272274848
181.97921782106442,85.93307274395761
182.2308555142444,85.91299052943987
182.48284116764418,85.89288054558558
182.73517526241687,85.8833352829904
182.98785828038174,85.87455074102532
183.24089070402292,85.8657540519486
183.49427301649305,85.8569451989634
183.74800570161213,85.84812416524973
184.0020892438692,85.83929093396426
184.2565241284237,85.8304454882404
184.51131084110554,85.82158781118825
184.7664498684165,85.81271788589451
185.02194169753108,85.80395833342118
185.2777868162973,85.79649384740507
185.5339857132383,85.7890190396277
185.79053887755225,85.78153389581632
186.04744679911386,85.77403840167841
186.30470996847524,85.76653254290176
186.56232887686673,85.75901630515432
186.82030401619843,85.7514896740842
187.07863587906007,85.74395263531972
187.33732495872275,85.73640517446931
187.59637174913965,85.72934327039036
187.85577674494675,85.72310999315879
188.11554044146465,85.71686809666
188.37566333469823,85.71061756897542
188.63614592133845,85.70435839817003
188.89698869876307,85.69809057229229
189.1581921650375,85.69181407937401
189.4197568189163,85.6855289074307
189.68168315984332,85.67923504446105
189.94397168795302,85.6729324784473
190.20662290407154,85.66485629338273
190.46963730971737,85.65628970377934
190.73301540710307,85.647711268445
190.996757699135,85.63912097099967
191.26086468941523,85.63051879504066
191.52533688224207,85.62190472414254
191.79017478261113,85.6132787418572
192.05537889621678,85.60464083171377
192.3209497294521,85.59599097721862
192.58688778941064,85.58784134220383
192.85319358388708,85.58073735107666
193.11986762137815,85.57362353667428
193.38691041108422,85.56649988541324
193.65432246290928,85.55936638369127
193.92210428746256,85.55222301788736
194.1902563960593,85.54506977436164
194.4587793007217,85.53790663945533
194.72767351418042,85.53073359949083
194.99693954987464,85.52355064077159
195.26657792195368,85.5166114962201
195.5365891452778,85.50966567350905
195.806973735419,85.50271024623534
196.0777322086628,85.49574520111793
196.3488650820081,85.4887705248574
196.62037287316878,85.48178620413603
196.89225610057468,85.4747922256176
197.16451528337234,85.4677885759475
197.43715094142667,85.46077524175256
197.71016359532092,85.4549175527664
197.9835537663584,85.44940073960099
198.2573219765632,85.44387629788241
198.5314687486811,85.43834421706204
198.80599460618137,85.43280448657664
199.08090007325643,85.4272570958484
199.3561856748238,85.42170203428488
199.63185193652683,85.41613929127897
199.90789938473552,85.41056885620894
200.18432854654836,85.4038524568938
200.46113994979206,85.39655724614543
200.7383341230234,85.38925194770668
201.01591159553007,85.38193654762847
201.29387289733143,85.37461103194244
201.57221855918033,85.36727538666089
201.85094911256297,85.3599295977768
202.13006508970065,85.35257365126377
202.40956702355064,85.345207533076
202.68945544780692,85.3378312291483
202.96973089690212,85.33044472539599
203.25039390600728,85.32333189876124
203.53144501103358,85.31624360252506
203.8128847486333,85.30914550471631
204.09471365620064,85.30203759178153
204.37693227187344,85.2949198501485
204.65954113453304,85.28779226622633
204.94254078380624,85.28065482640523
205.22593176006592,85.27350751705664
205.509714604432,85.26635032453315
205.79388985877333,85.25918323516849
206.07845806570737,85.25207840362161
206.36341976860191,85.24515359677316
206.64877551157693,85.23821921442243
206.93452583950335,85.23127524332854
207.22067129800703,85.22432167023237
207.5072124334674,85.21735848185638
207.7941497930195,85.2103856649048
208.0814839245557,85.20340320606336
208.36921537672453,85.19641109199945
208.65734469893474,85.18940930936198
208.9458724413538,85.1823978447814
209.2347991549101,85.17614944802172
209.52412539129458,85.17007080023738
209.8138517029596,85.16398374700474
210.10397864312293,85.15788827670087
210.39450676576647,85.15178437768684
210.68543662563815,85.14567203830755
210.97676877825384,85.13955124689181
211.26850377989612,85.1334219917523
211.56064218761824,85.12728426118554
211.8531845592429,85.12113804347183
212.14613145336406,85.11451090824183
212.4394834293491,85.107399322964
212.73324104733732,85.10027790390993
213.027404868244,85.0931466374816
213.32197545375928,85.08600551006225
213.61695336634997,85.07885450801628
213.9123391692615,85.07169361768919
214.2081334265166,85.06510734211936
214.50433670291952,85.05875848406754
214.8009495640546,85.05240084692537
215.0979725762882,85.04603441855328
215.39540630677084,85.03965918679489
215.69325132343565,85.03327513947707
215.99150819500264,85.02688226440979
216.2901774909774,85.0204805493862
216.58925978165303,85.01406998218258
216.88875563811203,85.00765055055825
217.18866563222508,85.00122224225568
217.48899033665518,84.99478504500034
217.78973032485635,84.98833894650073
218.09088617107548,84.98200677089552
218.3924584503545,84.97595042046589
218.69444773852885,84.96988569542036
218.9968546122319,84.96381258417864
219.29967964889343,84.95773107514447
219.60292342674163,84.95164115670552
219.90658652480516,84.94554281723339
220.2106695229119,84.93907551052888
220.51517300169294,84.93243917439997
220.82009754258144,84.92579366166105
221.12544372781446,84.91913895962283
221.4312121404352,84.91247505557853
221.73740336429142,84.90580193680378
222.04401798403978,84.8991195905566
222.35105658514456,84.89242800407739
222.65851975387955,84.88572716458894
222.96640807733013,84.87901705929634
223.27472214339198,84.872297675387
223.58346254077523,84.86556900003062
223.89262985900316,84.85883102037913
224.20222468841428,84.85224987642634
224.51224762016426,84.84574797216072
224.82269924622466,84.8392370771751
225.1335801593872,84.83271717903729
225.44489095326242,84.82618826529786
225.75663222228155,84.81965032349025
226.0688045616989,84.81310334113054
226.38140856759017,84.80654730571764
226.6944448368569,84.79998220473315
227.00791396722516,84.79341651908686
227.3218165572475,84.78717013656996
227.6361532063051,84.78091511666405
227.95092451460624,84.77465144742558
228.26613108319094,84.76837911689437
228.58177351392925,84.76209811309371
228.89785240952352,84.7558084240304
229.2143683735105,84.74951003769458
229.53132201025977,84.74320294205984
229.84871392497834,84.7368871250831
230.1665447237091,84.7307950803914
230.48481501333302,84.72490610754079
230.8035254015711,84.7190089915211
231.12267649698313,84.71310372107207
231.44226890897204,84.7071902849179
231.76230324778243,84.70126867176721
232.0827801245028,84.695338870313
232.40370015106757,84.68940086923256
232.72506394025567,84.68345465718768
233.04687210569506,84.67758397025717
233.36912526186123,84.67219707908099
233.69182402407938,84.66680273900549
234.0149690085265,84.66140093973048
234.33856083222997,84.6559916709415
234.66260011307205,84.65057492230987
234.98708746978843,84.64515068349253
235.3120235219704,84.63971894413224
235.63740889006695,84.63427969385735
235.9632441953833,84.62883292228192
236.2895300600856,84.62220317521665
236.61626710719926,84.61541483186964
236.94345596061117,84.60861710171969
237.27109724507199,84.60180997178685
237.59919158619448,84.59499342907328
237.92773961045827,84.58816746056318
238.25674194520826,84.5813320532227
238.58619921865682,84.57448719399999
238.916112059886,84.56763286982512
239.24648109884598,84.5607690676102
239.57730696635983,84.55389577424909
239.90859029412184,84.54701297661761
240.24033171469983,84.5412155194033
240.5725318615373,84.53582704846595
240.905191368952,84.53043112644484
241.23831087214037,84.52502774303673
241.57189100717642,84.51961688792416
241.90593241101354,84.51419855077535
242.2404357214867,84.50877272124431
242.5754015773121,84.50333938897069
242.91083061808942,84.49789854357981
243.24672348430272,84.49234441597578
243.58308081732147,84.48674433266392
243.91990325940284,84.48113650565436
244.25719145369123,84.47552092423928
244.59494604422073,84.46989757769603
244.9331676759159,84.46426645528707
245.27185699459292,84.45862754626016
245.61101464696165,84.45298083984802
245.95064128062555,84.4473263252686
246.29073754408378,84.4416639917249
246.63130408673226,84.43599382840499
246.97234155886457,84.43031582448198
247.31385061167435,84.42581982473229
247.65583189725484,84.42142261036332
247.99828606860135,84.41701931560293
248.34121377961205,84.4126099320432
248.68461568508908,84.4081944512647
249.02849244074082,84.40377286483626
249.37284470318156,84.39934516431514
249.7176731299338,84.39491134124681
250.06297837942927,84.39008162797008
250.40876111100988,84.38349556191211
250.75502198493007,84.37690038875671
251.10176166235647,84.37029609591072
251.44898080537024,84.3636826707636
251.79668007696804,84.35706010068735
252.14486014106308,84.35042837303654
252.49352166248732,84.34378747514822
252.84266530699136,84.33713739434195
253.19229174124658,84.33047811791978
253.54240163284624,84.32380963316612
253.89299565030646,84.31713192734789
254.2440744630686,84.31134497161784
254.59563874149887,84.3059451200833
254.9476891568905,84.30053780172808
255.300226381466,84.2951230062272
255.65325108837558,84.28970072324144
256.0067639517021,84.28427094241717
256.36076564645947,84.27883365338654
256.71525684859506,84.27338884576734
257.0702382349919,84.26793650916296
257.42571048346724,84.26247663316252
257.78167427277737,84.25700920734062
258.13813028261615,84.25163116569416
258.4950791936173,84.24639912753969
258.8525216873567,84.24115985461395
259.21045844635097,84.23591333691287
259.5688901540622,84.23065956441847
259.9278174948968,84.22539852709896
260.2872411542071,84.22013021490869
260.64716181829453,84.21485461778805
261.0075801744077,84.2095717256636
261.36849691074707,84.20428152844791
261.72991271646407,84.19898401603966
262.09182828166274,84.19350172527076
262.4542442974026,84.18748920330115
262.817161455697,84.18146836732096
263.1805804495177,84.17543920583357
263.54450197279414,84.16940170732668
263.90892672041485,84.16335586027202
264.2738553882305,84.15730165312533
264.6392886730522,84.15123907432644
265.0052272726562,84.14518680974525
265.37167188578286,84.14041818965201
265.7386232121386,84.13564297559394
266.10608195239826,84.13086115845304
266.4740488082041,84.12607272909868
266.8425244821701,84.12127767838759
267.211509677881,84.11647599716389
267.58100509989424,84.11166767625902
267.95101145374275,84.10685270649172
268.321529445933,84.1020310786681
268.69255978395046,84.09720278358151
269.06410317625773,84.09235642568585
269.43616033229705,84.08744868175006
269.8087319624928,84.08253415147142
270.1818187782498,84.0776128254659
270.5554214919585,84.0726846943365
270.92954081699327,84.0677497486732
271.3041774677151,84.06280797905295
271.6793321594736,84.05785937603976
272.05500560860594,84.0530011869762
272.4311985324415,84.04870404493018
272.80791164930065,84.04440096087093
273.18514567849695,84.04009192658201
273.56290134033975,84.03577693383552
273.9411793561324,84.03145597439222
274.3199804481778,84.02712904000144
274.69930533977634,84.02279612240113
275.0791547552286,84.01845721331783
275.45952941983796,84.01411230446661
275.8404300599086,84.00976138755111
276.22185740275114,84.00502850765044
276.6038121766807,84.00001831139211
276.9862951110195,83.99500118712164
277.3693069360994,83.98997712525912
277.75284838326024,83.98494611621136
278.13692018485494,83.97990815037188
278.5215230742482,83.974863218121
278.90665778581865,83.96981130982564
279.29232505496157,83.96475241583947
279.6785256180872,83.95968652650282
280.06526021262596,83.954657033447
280.452529577027,83.94983467786761
280.8403344507604,83.94500565401891
281.22867557432005,83.94016995268014
281.6175536892217,83.93532756461775
282.00696953800855,83.93047848058548
282.39692386424923,83.92562269132428
282.78741741254083,83.92076018756224
283.178450928511,83.91589096001468
283.57002515881646,83.91101499938405
283.96214085114855,83.90613229636
284.3547987542312,83.90124284161924
284.74799961782367,83.89634662582561
285.14174419272314,83.89194855606856
285.53603323076305,83.88844331337741
285.9308674848184,83.88493322369771
286.3262477088041,83.88141828032714
286.72217465767756,83.8778984765541
287.1186490874413,83.87437380565768
287.5156717551412,83.87084426090775
287.91324341887207,83.86730983556477
288.3113648377757,83.86377052288002
288.7100367720437,83.86022631609531
289.10925998292,83.85667720844317
289.5090352326991,83.8531231931468
289.9093632847317,83.84956426341996
290.3102449034228,83.84464720693033
290.7116808542345,83.83932747137855
291.1136719036884,83.8340003797891
291.5162188193641,83.8286659219902
291.9193223699046,83.82332408779591
292.32298332501466,83.81797486700634
292.7272024554632,83.81261824940744
293.1319805330864,83.807254224771
293.5373183307854,83.8018827828547
293.94321662253225,83.79650391340209
294.3496761833681,83.79111760614245
294.75669778940573,83.78572385079096
295.1642822178324,83.77999292811337
295.5724302469079,83.77376510617718
295.9811426559703,83.76752867251726
296.39042022543407,83.7612836152255
296.80026373679294,83.75502992237728
297.2106739726224,83.74876758203148
297.62165171657784,83.74249658223054
298.03319775340066,83.73621691100027
298.445312868916,83.72992855634998
298.8579978500357,83.72363150627241
299.27125348476056,83.71732574874363
299.68508056218013,83.71101127172317
300.0994798724754,83.70598454122388
300.5144522069201,83.70506074364538
300.9299983578817,83.70413566865562
301.3461191188242,83.70320931448832
301.7628152843082,83.7022816793746
302.18008764999286,83.70135276154316
302.5979370126379,83.70042255922037
303.0163641701043,83.69949107062997
303.43536992135733,83.69855829399341
303.85495506646606,83.69762422752954
304.2751204066063,83.69422860521875
304.6958667440615,83.68952942962449
305.11719488222445,83.68482375609207
305.5391056255996,83.68011157563623
305.96159977980295,83.67539287925929
306.3846781515649,83.67066765795123
306.80834154873133,83.6659359026894
307.2325907802648,83.66201954149113
307.6574266562475,83.658775990384
308.0828499878808,83.65552795415086
308.5088615874883,83.65227542658981
308.9354622685166,83.64901840149027
309.3626528455369,83.64575687263313
309.7904341342478,83.6424908337907
310.21880695147473,83.63922027872665
310.64777211517315,83.63594520119601
311.0773304444293,83.63265136936552
311.507482759462,83.62928809802933
311.93822988162503,83.62592017602013
312.36957263340696,83.62254759690701
312.80151183843407,83.61917035425027
313.23404832147156,83.61578844160114
313.66718290842476,83.61240185250215
314.1009164263419,83.6090105804867
314.535249703414,83.60561461907936
314.97018356897735,83.60221396179575
315.4057188535161,83.5979401305076
315.84185638866063,83.593596476878
316.2785970071937,83.5892468169198
316.715941543048,83.58489114232755
317.15389083130975,83.58052944478435
317.59244570822096,83.57616171596175
318.0316070111777,83.57178794751978
318.4713755787364,83.567408131107
318.9117522506116,83.56302225836033
319.352737867679,83.55863032090524
319.79433327197853,83.55423231035549
320.2365393067119,83.55036201656685
320.67935681624925,83.54695114089671
321.12278664612705,83.5435355487271
321.56682964305077,83.54011523353613
322.01148665489814,83.53669018879287
322.456758530717,83.5332604079574
322.90264612073156,83.52982588448072
323.34915027634037,83.52638661180477
323.7962718501191,83.52294258336248
324.24401169582404,83.51949379257763
324.69237066838946,83.51604023286495
325.1413496239341,83.5127197229367
325.5909494197594,83.5096949953503
326.0411709143521,83.50666608522327
326.49201496738743,83.50363298677208
326.94348243972706,83.50059569420517
327.3955741934254,83.49755420172299
327.84829109172733,83.49450850351796
328.3016339990717,83.49145859377451
328.755603781094,83.48840446666898
329.21020130462415,83.48534611636968
329.6654274376932,83.48228353703685
330.1212830495312,83.47923078357086
330.57776901057,83.47621265055845
331.03488619244655,83.47319034412426
331.49263546800074,83.4701638584974
331.9510177112816,83.46713318789891
332.4100337975457,83.4640983265419
332.8696846032596,83.46105926863146
333.32997100610334,83.45801600836465
333.7908938849682,83.45496853993056
334.25245411996326,83.45191685751018
334.714652592413,83.4488609552765
335.1774901848608,83.44575457345226
335.64096778107165,83.44256943181708
336.1050862660303,83.43937988582351
336.56984652594747,83.43618592938128
337.0352494482581,83.43298755639172
337.5012959216243,83.4297847607477
337.9679868359382,83.42657753633362
338.43532308232017,83.42336587702547
338.9033055531251,83.42014977669078
339.3719351419407,83.41692922918854
339.84121274359,83.41370422836933
340.3111392541349,83.41109256617813
340.78171557087404,83.40879301657701
341.2529425923491,83.40649028719874
341.7248212183428,83.40418437364637
342.19735234988235,83.40187527151691
342.670536889242,83.39956297640124
343.1443757399413,83.39724748388416
343.61886980675166,83.39492878954435
344.09401999569417,83.39260688895438
344.56982721404273,83.39028177768073
345.04629237032714,83.38792599064959
345.5234163743312,83.38531141472419
346.0012001370991,83.38269322340872
346.47964457093343,83.3800714117039
346.9587505893982,83.37744597460352
347.4385191073223,83.37481690709443
347.9189510407969,83.37218420415657
348.4000473071826,83.36954786076295
348.88180882510704,83.36690787187958
349.36423651446813,83.36426423246559
349.8473312964371,83.36161693747304
350.33109409345667,83.3582475297372
350.8155258292474,83.35454172384476
351.30062742880585,83.35083079362845
351.78639981840763,83.34711473200248
352.27284392561063,83.3433935318712
352.75996067925274,83.33966718612918
353.2477510094589,83.33593568766118
353.7362158476386,83.33219902934206
354.2253561264895,83.32845720403691
354.7151727800001,83.32471020460089
355.20566674344815,83.32125983982532
355.69683895340717,83.3182232658717
356.18869034774417,83.31518249299647
356.6812218656232,83.3121375153935
357.17443444750825,83.3090883272485
357.6683290351614,83.30603492273924
358.16290657164933,83.30297729603542
358.65816800134155,83.29991544129864
359.15411426991324,83.29684935268244
359.6507463243488,83.29377902433231
360.1480651129395,83.29144005760871
360.6460715852905,83.2908353947502
361.1447666923185,83.29022989577442
361.6441513862552,83.2896235595252
362.1442266206505,83.28901638484477
362.6449933503702,83.28840837057375
363.14645253160313,83.28779951555121
363.6486051218588,83.28718981861455
364.1514520799708,83.28657927859958
364.6549943660999,83.2859678943405
365.1592329417323,83.28468881834101
365.6641687696859,83.28196113816722
366.16980281410883,83.27922968620477
366.6761360404822,83.27649445723812
367.18316941562347,83.2737554460445
367.6909039076857,83.27101264739389
368.19934048616125,83.26826605604909
368.7084801218829,83.2655156667656
369.21832378702567,83.26276147429171
369.72887245510987,83.26000347336843
370.24012710100095,83.25784429771063
370.75208870091274,83.25636351704445
371.2647582324089,83.25488068878053
371.7781366744045,83.25339581008751
372.29222500716946,83.25190887813011
372.807024212328,83.25041989006907
373.32253527286196,83.24892884306128
373.83875917311275,83.24743573425967
374.3556968987821,83.2459405608132
374.8733494369364,83.24444331986693
375.3917177760053,83.24247093846516
375.91080290578594,83.24034266471472
376.4306058174441,83.2382114480244
376.95112750351547,83.23607728432476
377.47236895790974,83.23394016954073
377.99433117590956,83.23180009959157
378.5170151541743,83.22965707039099
379.04042189074147,83.22751107784693
379.5645523850283,83.22536211786175
380.08940763783517,83.22321018633214
380.6149886513451,83.22105527914908
381.1412964291273,83.2188973921979
381.6683319761388,83.21673652135821
382.1960962987259,83.21514431216231
382.72459040462746,83.21451809949622
383.2538153029748,83.21389102091418
383.7837720042949,83.21326307521879
384.3144615205123,83.21263426121102
384.84588486495016,83.21200457769018
385.37804305233425,83.21137402345396
385.91093709879215,83.2107425972983
386.4445680218566,83.21011029801757
386.97893684046886,83.2094771244044
387.51404457497654,83.20707177616963
388.0498922471408,83.20459042188872
388.5864808801342,83.20210563643437
389.12381149854406,83.19961741506192
389.6618851283761,83.19712575302033
390.2007027970519,83.19463064555184
390.74026553341673,83.1921320878922
391.28057436773673,83.18963007527054
391.8216303317028,83.1871246029094
392.363434458434,83.18461566602473
392.90598778247517,83.1821032598258
393.44929133980446,83.17958737951534
393.993346167831,83.17706802028941
394.5381533053985,83.17454517733741
395.08371379278867,83.17227988846933
395.6300286717189,83.17145362363594
396.1770989853498,83.17062621625792
396.7249257782831,83.1697976647554
397.2735100965646,83.1689679675463
397.8228529876885,83.16813712304632
398.3729555005945,83.16730512966905
398.92381868567554,83.16647198582582
399.4754435947754,83.16563768992582
400.0278312811925,83.16475503589453
400.58098279968317,83.16298023388214
401.1348992064595,83.16120297770443
401.68958155919694,83.15942326396784
402.2450309170317,83.15764108927407
402.8012483405648,83.15585645022018
403.3582348918653,83.15406934339849
403.91599163446807,83.15227976539661
404.47451963338136,83.15048771279741
405.0338199550846,83.1486931821791
405.5938936675319,83.14689617011513
406.1547418401558,83.14557279662277
406.7163655438646,83.14549886510245
407.2787658510504,83.1454248313509
407.8419438355867,83.14535069522677
408.4059005728316,83.14527645658849
408.97063713963223,83.14520211529431
409.53615461432145,83.14512767120232
410.1024540767265,83.1450531241703
410.6695366081658,83.14497847405596
411.2374032914533,83.1449037207167
411.8060552109017,83.14482886400988
412.3754934523202,83.14458744545901
412.9457191030225,83.14425959738904
413.51673325182384,83.1439312959765
414.0885369890454,83.14360254059447
414.6611314065175,83.14327333061522
415.2345175975773,83.14294366541016
415.80869665707684,83.14261354434979
416.38366968138035,83.14228296680375
416.9594377683681,83.14195193214084
417.53600201744024,83.14162043972897
418.1133635295141,83.14095793347906
418.6915234070324,83.13893967370662
419.27048275396044,83.13691862311971
419.85024267579024,83.13489477785926
420.4308042795441,83.13286813406083
421.0121686737721,83.13083868785465
421.5943369685603,83.12880643536558
422.1773102755279,83.12677137271318
422.7610897078312,83.12473349601159
423.34567638016773,83.12269280136958
423.9310714087731,83.12064928489053
424.5172759114297,83.11860294267251
425.1042910074636,83.11686085857656
425.6921178177488,83.1165397255244
426.280757464711,83.11621814841503
426.8702110723247,83.11589612663447
427.46047976612203,83.11557365956777
428.05156467318943,83.11525074659924
428.64346692217197,83.11492738711227
429.23618764327705,83.11460358048943
429.82972796827204,83.11427932611245
430.4240890304922,83.11395462336215
431.0192719648382,83.11361620447677
431.6152779077801,83.11288030269444
432.21210799736116,83.11214338331995
432.8097633731952,83.11140544494616
433.4082451764751,83.11066648616405
434.00755454996977,83.1099265055626
434.60769263802854,83.10918550172887
435.20866058658476,83.10844347324796
435.81045954315334,83.10770041870298
436.41309065683896,83.10695633667508
437.0165550783336,83.10621135595056
437.62085395992034,83.10546996755126
438.22598845547736,83.104727553973
438.83195972047537,83.10398411379818
439.4387689119859,83.10323964560722
440.0464171886787,83.10249414797862
440.65490571082563,83.10174761948888
441.2642356403049,83.10100005871253
441.87440814059806,83.10025146422218
442.48542437679873,83.0995018345884
443.0972855156098,83.0987511683798
443.7099927253475,83.09799946416304
444.3235471759452,83.09730636873574
444.937950038951,83.09666585375106
445.5532024875362,83.09602445307341
446.16930569649253,83.09538216547809
446.7862608422362,83.09473898973864
447.4040691028117,83.09409492462699
448.02273165788984,83.09344996891332
448.64224968877534,83.09280412136611
449.26262437840484,83.09215738075217
449.8838569113507,83.0915097458366
450.5059484738251,83.09146803311728
451.1289002536772,83.09156575348648
451.75271344040215,83.09166360898169
452.37738922513773,83.09176159978979
453.00292880066905,83.09185972609787
453.629333361432,83.09195798809331
454.2566041035125,83.0920563859637
454.884742224651,83.09215491989698
455.5137489242443,83.09182036029199
456.1436254033469,83.09138801007731
456.7743728646758,83.09095506201629
457.40599251260954,83.09052151528225
458.03848555319263,83.09008736904731
458.6718531941372,83.08965262248252
459.3060966448249,83.08921727475779
459.9412171163111,83.08878132504175
460.5772158213245,83.08834477250208
461.21409397427107,83.08790761630513
461.8518527912361,83.08746985561623
462.490493489986,83.08719748855697
463.1300172899725,83.08697495203914
463.77042541233214,83.08675210780167
464.4117190798904,83.08652895541907
465.0538995171639,83.08630549446524
465.6969679503618,83.0860817245135
466.3409256073904,83.08585764513656
466.9857737178524,83.08563325590657
467.6315135130513,83.08540855639507
468.2781462259933,83.08527041278461
468.9256730913889,83.08524731765975
469.5740953456576,83.08522419059933
470.22341422692705,83.08520103155924
470.87363097503743,83.08517784049523
471.5247468315434,83.08515461736302
472.17676303971587,83.08513136211825
472.82968084454643,83.08510807471656
473.4835014927467,83.08508475511343
474.13822623275286,83.08506140326438
474.7938563147273,83.08503801912478
475.45039299056054,83.08541333985401
476.1078375138759,83.08597193289721
476.76619114002847,83.08653129835315
477.42545512610934,83.08709143728989
478.0856307309499,83.087652350777
478.7467192151187,83.0882140398855
479.4087218409308,83.08877650568795
480.0716398724449,83.08933974925829
480.7354745754676,83.08990377167204
481.40022721755776,83.09046857400617
482.0658990680235,83.09100631655188
482.7324913979317,83.09129106257548
483.4000054801048,83.09157620234093
484.06844258912525,83.09186173639266
484.73780400134007,83.0921476652759
485.4080909948575,83.09243398953663
486.0793048495569,83.09272070972158
486.7514468470851,83.09300782637818
487.4245182708615,83.09329215616769
488.0985204060819,83.0935750123971
488.77345453971594,83.09385825975518
489.44932196051633,83.09414189878278
490.12612395901573,83.09442593002149
490.8038618275314,83.09471035401363
491.4825368601697,83.09499517130233
492.16215035282283,83.0952803824314
492.8427036031784,83.09556598794548
493.5241979107165,83.09585198838988
494.2066345767141,83.09634361836417
494.8900149042497,83.09730915883584
495.5743401981999,83.09827603444005
496.2596117652493,83.099244247023
496.94583091388745,83.10021379843344
497.6329989544131,83.1011846905227
498.32111719893896,83.10215692514464
499.01018696138857,83.10313050415567
499.70020955750584,83.10410542941482
500.39118630485206,83.10481683162322
501.0831185228104,83.1053259495831
501.7760075325906,83.1058357715424
502.46985465722565,83.10634629847466
503.1646612215815,83.10685753135466
503.8604285523544,83.10736947115859
504.5571579780747,83.10788211886397
505.2548508291122,83.10839547544964
505.9535084376725,83.10890954189587
506.6531321378071,83.10942431918424
507.35372326541017,83.10993980829765
508.0552831582229,83.11041572294798
508.75781315583856,83.11042067411177
509.46131459969916,83.11042563212195
510.1657888331051,83.11043059698797
510.87123720121247,83.11043556871932
511.57766105103707,83.11044054732552
512.2850617314597,83.11044553281603
512.9934405932225,83.11045052520039
513.7027989889393,83.11045552448812
514.4131382730919,83.11046053068878
515.1244598020355,83.11055268049
515.8367649340024,83.11105639893583
516.5500550290998,83.11156081391475
517.2643314493189,83.11206592638992
517.9795955585327,83.11257173732581
518.6958487224996,83.11307824768828
519.4130923088688,83.11358545844442
520.1313276871774,83.11409337056278
520.8505562288592,83.11460198501318
521.5707793072429,83.11511130276678
522.291998297556,83.11583063890906
523.0142145769297,83.1168590748909
523.7374295243958,83.11788893297607
524.4616445208968,83.1189202151311
525.1868609492825,83.11995292332512
525.9130801943151,83.12098705953005
526.6403036426733,83.1220226257205
527.3685326829501,83.12305962387386
528.097768705662,83.12409805597021
528.8280131032462,83.12513792399236
529.5592672700654,83.12617922992591
530.2915326024126,83.12700756567729
531.0248104985077,83.12751245806199
531.7591023585078,83.12801804860311
532.494409584504,83.12852433826599
533.2307335805261,83.12903132801742
533.9680757525477,83.12953901882544
534.7064375084826,83.13004741165949
535.4458202581955,83.13055650749028
536.186225413498,83.13106630728993
536.9276543881543,83.13157681203184
537.6701085978858,83.13208802269084
538.4135894603672,83.13339883998441
539.158098395238,83.1353495774786
539.9036368240979,83.1373030124186
540.650206170513,83.13925914853445
541.3978078600197,83.14121798956123
542.1464433201219,83.14317953923927
542.896113980301,83.14514380131406
543.6468212720134,83.14711077953622
544.3985666286944,83.14908047766163
545.1513514857639,83.15074986855154
545.9051772806226,83.15121573289277
546.6600454526629,83.15168224142309
547.4159574432653,83.15214939503329
548.1729146958032,83.15261719461535
548.9309186556484,83.15308564106252
549.6899707701673,83.15355473526931
550.4500724887316,83.15402447813138
551.2112252627151,83.1544948705457
551.973430545498,83.15496591341046
552.736689792473,83.1558410987635
553.5010044610412,83.15673206674195
554.266376010623,83.1576242667354
555.0328059026544,83.15851770044743
555.8002956005922,83.15941236958408
556.5688465699195,83.16030827585361
557.3384602781415,83.16120542096674
558.1091381947966,83.1621038066365
558.8808817914534,83.1630034345783
559.6536925417149,83.16390430650999
560.4275719212237,83.16538922249579
561.2025214076612,83.16734887600961
561.9785424807525,83.16931123929818
562.755636622269,83.17127631610857
563.5338053160305,83.17324411019293
564.3130500479102,83.17521462530866
565.0933723058346,83.17718786521839
565.8747735797875,83.17916383368988
566.6572553618137,83.1811425344962
567.4408191460204,83.1831239714155
568.2254664285824,83.18510814823128
569.011198707742,83.1870950687322
569.7980174838134,83.1890847367122
570.5859242591856,83.18998477831241
571.3749205383247,83.19050897429031
572.1650078277785,83.19103389511731
572.9561876361764,83.19155954179568
573.7484614742349,83.19208591532913
574.5418308547589,83.19261301672272
575.336297292645,83.19314084698296
576.1318623048861,83.19366940711765
576.9285274105711,83.19419869813613
577.7262941308901,83.19472872104899
578.5251639891366,83.19525947686832
579.32513851071,83.19579096660756
580.1262192231205,83.19641761377868
580.9284076559891,83.1975506782005
581.7317053410524,83.19868530940407
582.5361138121648,83.19982150955589
583.3416346053015,83.20095928082551
584.1482692585632,83.20209862538542
584.9560193121756,83.20323954541115
585.764886308495,83.2043820430812
586.5748717920101,83.20552612057716
587.3859773093451,83.20667178008354
588.1982044092645,83.20781902378793
589.0115546426724,83.20896785388096
589.8260295626178,83.21011827255622
590.6416307242994,83.21222192731297
591.4583596850622,83.21458687491607
592.2762180044089,83.2169550927275
593.0952072439964,83.2193265852693
593.9153289676408,83.22170135706966
594.7365847413233,83.22407941266314
595.558976133186,83.22646075659046
596.3825047135437,83.22884539339871
597.2071720548803,83.23123332764118
598.0329797318541,83.23362456387754
598.8599293213032,83.23601910667374
599.6880224022418,83.23841696060202
600.5172605558718,83.23857650187773
601.3476453655792,83.23738239122169
602.1791784169394,83.23618662937024
603.0118612977229,83.23498921404011
603.8456955978913,83.23379014294491
604.6806829096091,83.2325894137951
605.51682482724,83.23138702429792
606.3541229473524,83.23018297215748
607.1925788687246,83.22897725507472
608.0321941923418,83.22790441554706
608.8729705214068,83.23020910357593
609.7149094613374,83.23251697848727
610.5580126197708,83.23482804468783
611.40228160657,83.2371423065905
612.2477180338198,83.23945976861425
613.0943235158383,83.24178043518408
613.9420996691733,83.24410431073125
614.7910481126083,83.24643139969307
615.6411704671675,83.24864267779553
616.4924683561122,83.25081816955073
617.3449434049527,83.25299666953802
618.1985972414446,83.25517818191719
619.0534314955944,83.25736271085366
619.9094477996649,83.25955026051872
620.7666477881717,83.26174083508934
621.6250330978946,83.26393443874836
622.4846053678749,83.26590130206829
623.3453662394198,83.26769285029478
624.2073173561088,83.26948687584297
625.0704603637894,83.27128338213844
625.9347969105899,83.27308237261151
626.8003286469144,83.2748838506973
627.66705722545,83.2766878198356
628.5349843011708,83.27849428347102
629.4041115313354,83.28030324505288
630.2744405754985,83.28206733844848
631.1459730955067,83.28373087614605
632.018710755505,83.28539671415457
632.8926552219419,83.28706485565489
633.7678081635656,83.2887353038322
634.6441712514367,83.29040806187618
635.5217461589234,83.29208313298085
636.4005345617085,83.29376052034466
637.2805381377938,83.29544022717052
638.1617585674971,83.2971222566657
639.0441975334647,83.298806612042
639.9278567206666,83.30049329651557
640.8127378164025,83.30240163060682
641.6988425103086,83.30433209829296
642.5861724943522,83.3062652353962
643.4747294628454,83.30820104560776
644.3645151124401,83.31013953262396
645.2555311421345,83.31208070014627
646.1477792532788,83.3140245518812
647.041261149571,83.31597109154046
647.9359785370699,83.31792032284086
648.8319331241904,83.31987224950437
649.7291266217101,83.32182687525805
650.6275607427744,83.32345731790265
651.5272372028937,83.32494872656521
652.4281577199545,83.32644219752167
653.3303240142164,83.32793773362377
654.233737808318,83.32943533772715
655.138400827282,83.3309350126914
656.0443147985125,83.3324367613801
656.9514814518062,83.33394058666069
657.8599025193495,83.33544649140471
658.7695797357239,83.33695447848758
659.6805148379121,83.33846455078874
660.5927095652942,83.34151595817563
661.5061656596598,83.34540242459609
662.4208848652045,83.34929426515458
663.3368689285359,83.35319148728244
664.2541195986793,83.35709409842117
665.1726386270738,83.36100210602264
666.0924277675851,83.36491551754897
667.0134887765016,83.36883434047257
667.9358234125399,83.37275858227628
668.8594334368516,83.37668825045323
669.7843206130186,83.38062335250687
670.7104867070663,83.38347768019047
671.6379334874593,83.38600576099678
672.5666627251079,83.38853733758923
673.4966761933736,83.39107241480171
674.4279756680652,83.39361099747481
675.3605629274524,83.3961530904558
676.2944397522605,83.39869869859871
677.2296079256776,83.4012478267642
678.16606923336,83.40380047981976
679.1038254634285,83.40635666263948
680.0428784064813,83.40893142756643
680.9832298555899,83.4118246852325
681.9248816063051,83.41472194364492
682.8678354566636,83.4176232083358
683.8120932071829,83.42052848484498
684.7576566608759,83.42343777871992
685.7045276232454,83.42635109551574
686.6527079022909,83.4292684407953
687.6021993085142,83.43218982012912
688.5530036549183,83.4351152390954
689.505122757014,83.43804470328007
690.4585584328227,83.441067216826
691.4133125028787,83.44419009008858
692.3693867902364,83.44731728160595
693.3267831204681,83.4504487973493
694.2855033216721,83.4535846432981
695.2455492244737,83.45672482544003
696.2069226620297,83.45986934977115
697.1696254700331,83.46301822229576
698.1336594867138,83.46617144902643
699.0990265528437,83.46932903598416
700.0657285117405,83.47246033889762
701.03376720927,83.47517525182677
702.0031444938525,83.47789391889025
702.973862216462,83.48061634527919
703.9459222306331,83.48334253619193
704.919326392463,83.48607249683397
705.894076560615,83.48880623241807
706.8701745963248,83.49154374816412
707.8476223633992,83.49428504929928
708.8264217282234,83.4970301410579
709.8065745597632,83.49977902868159
710.7880827295681,83.50261711931768
711.7709481117777,83.50548012427059
712.7551725831208,83.50834708813692
713.7407580229225,83.51121801639094
714.727706313106,83.51409291451456
715.7160193381964,83.51697178799724
716.7056989853269,83.51985464233601
717.6967471442377,83.52274148303557
718.6891657072835,83.52563231560818
719.6829565694349,83.52852714557372
720.6781216282825,83.53271093983113
721.6746627840432,83.53750211039981
722.6725819395591,83.54229990611569
723.6718810003041,83.54710433613994
724.6725618743872,83.55191540964636
725.674626472555,83.55673313582142
726.6780767081988,83.56155752386435
727.682914497353,83.56638858298705
728.6891417587017,83.57122632241415
729.6967604135851,83.57607075138311
730.705772385995,83.58021737714836
731.7161796025889,83.58406662448071
732.7279839926854,83.5879211944852
733.7411874882708,83.59178109452198
734.7557920240063,83.59564633196133
735.7717995372225,83.5995169141837
736.7892119679348,83.6033928485797
737.8080312588376,83.60727414255034
738.8282593553121,83.61116080350666
739.8498982054324,83.61505283887008
740.8729497599609,83.61997536097535
741.8974159723631,83.62508119813134
742.9232987988023,83.63019409555001
743.9506001981472,83.63531406299423
744.9793221319778,83.64044111024022
746.0094665645815,83.64557524707789
747.0410354629671,83.65071648331055
748.0740307968603,83.65586482875516
749.1084545387105,83.66102029324215
750.1443086636976,83.66610959424968
751.1815951497276,83.67075250296789
752.2203159774466,83.67540183181944
753.2604731302365,83.68005758968195
754.3020685942219,83.68471978544538
755.3451043582766,83.68938842801187
756.3895824140196,83.69406352629602
757.4355047558289,83.69874508922466
758.4828733808375,83.70343312573699
759.5316902889397,83.70812764478455
760.5819574827985,83.71282865533131
761.6336769678406,83.71753616635357
762.6868507522715,83.72268788615105
763.7414808470702,83.72808049376465
764.7975692659965,83.73348055818211
765.8551180255979,83.7388880897146
766.914129145205,83.74430309868754
767.9746046469461,83.74972559544058
769.0365465557425,83.75515559032769
770.0999568993154,83.76059309371716
771.1648377081935,83.76603811599163
772.2311910157074,83.77149066754808
773.2990188580047,83.77695075879785
774.3683232740459,83.78241840016672
775.4391063056105,83.78751391587969
776.5113699973048,83.79206952440266
777.5851163965565,83.79663143234173
778.6603475536302,83.80119964840767
779.7370655216225,83.80577418132322
780.8152723564688,83.81035503982321
781.8949701169506,83.81494223265457
782.9761608646908,83.81953576857629
784.0588466641684,83.82413565635947
785.1430295827142,83.82874190478738
786.2287116905177,83.8333545226554
787.315895060634,83.83797351877108
788.4045817689793,83.84236334286406
789.4947738943457,83.84636038087613
790.5864735183972,83.85036294592277
791.6796827256757,83.85437104564666
792.774403603609,83.85838468770102
793.8706382425058,83.86240387974972
794.968388735571,83.86642862946722
796.0676571789002,83.8704589445385
797.168445671488,83.87449483265927
798.2707563152344,83.87853630153587
799.3745912149402,83.88258335888524
800.4799524783226,83.88677317218774
801.5868422160097,83.89114775416577
802.6952625415486,83.89552838523956
803.8052155714116,83.89991507377373
804.9167034249926,83.9043078281444
806.0297282246215,83.9087066567393
807.1442920955596,83.91311156795778
808.2603971660072,83.91752257021078
809.3780455671106,83.9219396719209
810.4972394329571,83.92636288152231
811.6179809005911,83.93079220746093
812.7402721100084,83.93543689104453
813.8641152041644,83.94019612160811
814.9895123289804,83.94496193315285
816.1164656333399,83.94973433477878
817.2449772691032,83.95451333559858
818.3750493911031,83.95929894473748
819.5066841571519,83.96409117133335
820.6398837280491,83.96889002453672
821.7746502675762,83.97369551351069
822.9109859425129,83.97850764743114
824.048892922631,83.98332643548657
825.1883733807035,83.98818962676052
826.3294294925108,83.99325035690565
827.4720634368359,83.99831808494024
828.6162773954808,84.00339282054092
829.7620735532607,84.00847457339763
830.9094540980126,84.01356335321367
832.0584212206013,84.01865916970583
833.2089771149159,84.0237620326043
834.3611239778847,84.0288719516527
835.5148640094707,84.03398893660817
836.6701994126787,84.0391129972413
837.8271323935635,84.04424414333629
838.9856651612241,84.0493339059713
840.1457999278207,84.05442219260566
841.3075389085683,84.05951751523416
842.4708843217456,84.06461988358605
843.6358383887019,84.06972930740405
844.8024033338523,84.07484579644431
845.9705813846937,84.07996936047653
847.1403747717995,84.08510000928385
848.311785728828,84.09023775266299
849.4848164925281,84.0953826004242
850.6594693027397,84.10070878135808
851.8357464024002,84.10617861690612
853.0136500375489,84.11165601604753
854.19318245733,84.11714098924107
855.374345914,84.12263354696002
856.5571426629276,84.12813369969213
857.7415749626008,84.13364145793965
858.9276450746308,84.13915683221934
860.1153552637551,84.14467983306254
861.3047077978455,84.15021047101513
862.495704947907,84.15594642375193
863.6883489880861,84.16196794589803
864.8826421956736,84.16799779450008
866.0785868511088,84.17403598107175
867.2761852379866,84.18008251714267
868.4754396430574,84.18613741425834
869.676352356234,84.19220068398035
870.8789256705961,84.1982723378861
872.0831618823934,84.20435238756913
873.289063291053,84.21044084463897
874.4966321991793,84.21653772072123
875.7058709125617,84.22247671160106
876.9167817401777,84.22830514832394
878.1293669941969,84.2341416445076
879.3436289899886,84.23998621129654
880.5595700461213,84.24583885985066
881.7771924843705,84.25169960134527
882.9964986297222,84.25756844697115
884.217490810376,84.26344540793457
885.4401713577543,84.26934171493606
886.6645426065,84.275266148118
887.8906068944858,84.28119877350296
889.1183665628167,84.28713960241897
890.3478239558343,84.29308864620977
891.5789814211245,84.2990459162347
892.8118413095167,84.30501142386888
894.046405975091,84.31098518050312
895.2826777751865,84.316967197544
896.5206590703951,84.32295748641387
897.76035222458,84.32895605855087
899.0017596048688,84.33496292540895
900.2448835816625,84.3411772418679
901.489726528644,84.34821305962528
902.7362908227714,84.35525860638892
903.9845788442963,84.36231389561188
905.234592976758,84.36937894076594
906.4863356069918,84.3764537553414
907.7398091251371,84.38353835284724
908.9950159246317,84.39063274681115
910.2519584022299,84.39773695077945
911.5106389579961,84.4048509783173
912.7710599953135,84.41215504533115
914.0332239208926,84.41958373765738
915.2971331447651,84.42702270224999
916.562790080302,84.43447195331328
917.8301971442075,84.44193150507122
919.0993567565279,84.44940137176741
920.3702713406592,84.45688156766518
921.6429433233421,84.46437210704757
922.9173751346798,84.47187300421736
924.1935692081315,84.47938427349715
925.4715279805217,84.4871695194156
926.7512538920483,84.49541695915356
928.0327493862766,84.50367580330756
929.3160169101577,84.51194606764744
930.6010589140222,84.5202277679648
931.8878778515895,84.52852092007313
933.176476179975,84.5368255398078
934.466856359686,84.54514164302597
935.7590208546379,84.55346924560688
937.05297213215,84.56180836345156
938.3487126629532,84.57015644147242
939.6462449211986,84.57850907110823
940.9455713844518,84.5868732506148
942.2466945337113,84.59524899596316
943.5496168534021,84.60363632314629
944.8543408313848,84.61203524817938
946.160868958964,84.62044578709977
947.4692037308826,84.62886795596688
948.7793476453396,84.63730177086244
950.091303203985,84.64582747804467
951.4050729119278,84.65543907196837
952.7206592777451,84.66506395663679
954.0380648134757,84.6747021504281
955.357292034639,84.68435367174591
956.678343460229,84.69401853901935
958.0012216127229,84.70369677070292
959.3259290180897,84.71338838527673
960.6524682057844,84.72309340124637
961.9808417087669,84.7328118371431
963.3110520634953,84.74205458405177
964.643101809935,84.75130295420863
965.9769934915682,84.76056411285067
967.3127296553866,84.76983807766159
968.650312851911,84.77912486634956
969.9897456351853,84.7884244966472
971.3310305627846,84.79773698631163
972.6741701958249,84.8070623531246
974.0191670989566,84.81640061489242
975.3660238403834,84.82582570279864
976.7147429918563,84.83546216280574
978.0653271286825,84.84511194794192
979.4177788297344,84.85477507663295
980.7721006774431,84.86445156733001
982.1282952578177,84.87414143850991
983.4863651604397,84.88384470867493
984.8463129784709,84.89356139635292
986.2081413086629,84.90329152009745
987.5718527513512,84.91303509848761
988.937449910474,84.92375576250305
990.3049353935662,84.9349319554564
991.6743118117682,84.94612360265474
993.0455817798352,84.95733072546791
994.418747916131,84.96855334529535
995.793812842647,84.97979148356602
997.170779184996,84.99104516173857
998.5496495724221,85.00231440130132
999.9304266378085,85.0135992237723
1001.3131130176722,85.02425331458673
1002.6977113521831,85.03488784517033
1004.0842242851578,85.04553708099765
1005.4726544640686,85.0562010424028
1006.863004540053,85.06687974974805
1008.2552771679069,85.07757322342387
1009.6494750061049,85.08828148384883
1011.0456007167932,85.09900455146983
1012.4436569657992,85.10974244676201
1013.8436464226407,85.12049519022877
1015.2455717605201,85.13152574700024
1016.6494356563426,85.14381142790721
1018.0552407907115,85.15611409723978
1019.4629898479368,85.16843377848924
1020.872685516044,85.18077049517942
1022.2843304867688,85.19312427086655
1023.6979274555758,85.20549512913956
1025.1134791216532,85.21788309361996
1026.5309881879211,85.2302881879619
1027.9504573610416,85.24271043585227
1029.371889351412,85.25514986101068
1030.7952868731852,85.26743966630018
1032.2206526442626,85.27961452984569
1033.6479893863038,85.29180622858046
1035.0772998247369,85.30401478578393
1036.50858668875,85.31624022476767
1037.9418527113135,85.32848256887554
1039.3771006291722,85.34074184148365
1040.8143331828553,85.3530180660004
1042.2535531166861,85.36531126586664
1043.6947631787748,85.37762146455555
1045.1379661210392,85.39024244847884
1046.5831646991983,85.40295978950455
1048.0303616727817,85.41569471584792
1049.479559805138,85.42844725182569
1050.9307618634334,85.44121742178811
1052.3839706186618,85.45400525011917
1053.839188845649,85.46681076123652
1055.2964193230564,85.47963397959164
1056.7556648333907,85.49247492966977
1058.2169281630038,85.50533363599006
1059.6802121021005,85.5182101231055
1061.1455194447447,85.53167017890634
1062.6128529888624,85.54530700623566
1064.082215536252,85.55896269033234
1065.5536098925827,85.57263725727115
1067.0270388674046,85.586330733163
1068.5025052741528,85.60004314415482
1069.9800119301512,85.61377451642973
1071.4595616566237,85.62752487620712
1072.941157278691,85.64129424974254
1074.4248016253819,85.65508266332789
1075.9104975296375,85.66871780634233
1077.3982478283144,85.68226278097825
1078.888055362196,85.69582648536921
1080.3799229759898,85.70940894541441
1081.8738535183388,85.72301018704879
1083.3698498418244,85.73663023624324
1084.8679148029719,85.75026911900453
1086.3680512622593,85.76392686137535
1087.8702620841175,85.77760348943451
1089.3745501369385,85.79129902929674
1090.8809182930815,85.80552265953393
1092.3893694288759,85.82012795482166
1093.8999064246316,85.83475344605738
1095.4125321646386,85.84939916116768
1096.9272495371763,85.86406512811777
1098.4440614345174,85.87875137491153
1099.9629707529332,85.89345792959159
1101.4839803927034,85.90818482023938
1103.0070932581145,85.92293207497505
1104.5323122574694,85.93769972195774
1106.0596403030968,85.95246495478197
1107.5890803113446,85.96668789110056
1109.120635202601,85.98093049464784
1110.6543079012888,85.99519279261925
1112.1901013358736,86.00947481224789
1113.728018438876,86.02377658080457
1115.2680621468626,86.0380981255977
1116.8102354004695,86.0524394739736
1118.3545411443943,86.06680065331629
1119.9009823274057,86.08118169104762
1121.4495619023558,86.09545636085367
1123.0002828261709,86.10974213326936
1124.553148059874,86.12404765980237
1126.108160568579,86.13837296776832
1127.6653233214988,86.15271808452064
1129.2246392919571,86.1670830374506
1130.7861114573811,86.18146785398729
1132.3497427993232,86.19587256159777
1133.9155363034536,86.21029718778708
1135.4834949595718,86.22474176009825
1137.0536217616154,86.23920630611251
1138.6259197076545,86.25398311738364
1140.2003917999123,86.26922287011796
1141.7770410447595,86.28448369611696
1143.3558704527234,86.29976562452036
1144.936883038499,86.31506868450826
1146.5200818209423,86.33039290530097
1148.1054698230912,86.34573831615933
1149.6930500721594,86.36110494638456
1151.2828255995469,86.37555163302126
1152.8747994408493,86.38979277974353
1154.4689746358524,86.40405361887544
1156.0653542285536,86.41833417764737
1157.6639412671539,86.43263448332726
1159.26473880407,86.44695456322079
1160.8677498959444,86.46129444467142
1162.4729776036372,86.4756541550604
1164.08042499225,86.49003372180681
1165.6900951311175,86.50443317236771
1167.301991093819,86.51885253423806
1168.9161159581884,86.53329183495089
1170.5324728063074,86.54775110207727
1172.1510647245277,86.56219934031138
1173.7718948034644,86.57636576664152
1175.3949661380059,86.59055178205925
1177.0202818273247,86.60475741365208
1178.647844974871,86.61898268854486
1180.2776586883945,86.63321676293943
1181.9097260799374,86.64741750685688
1183.544050265845,86.6616378873157
1185.1806343667772,86.67587793146902
1186.8194815077002,86.69013766650734
1188.4605948179096,86.70441711965896
1190.103977431024,86.7187163181897
1191.7496324849947,86.73303528940316
1193.3975631221167,86.74737406064065
1195.0477724890222,86.76173265928128
1196.7002637367027,86.77611111274206
1198.3550400205015,86.79050944847786
1200.0121045001263,86.8049276939816
1201.6714603396574,86.81936587678412
1203.3331107075428,86.83382402445433
1204.9970587766202,86.84830216459937
1206.663307724109,86.86263627100602
1208.3318607316232,86.87674180099329
1210.0027209851803,86.89086683586181
1211.6758916751949,86.90501140258253
1213.3513759965022,86.91917552816376
1215.0291771483498,86.93335923965121
1216.7092983344098,86.94756256412786
1218.3917427627885,86.96178552871426
1220.0765136460197,86.97600895959037
1221.763614201089,86.98984791070143
1223.4530476494242,87.00370599807307
1225.1448172169087,87.01758324816656
1226.838926133891,87.03147968747986
1228.5353776351776,87.0453953425474
1230.2341749600573,87.05933023994042
1231.9353213522927,87.07328440626686
1233.6388200601323,87.08725786817153
1235.3446743363204,87.10125065233593
1237.0528874380914,87.11526278547859
1238.7634626271915,87.12929429435495
1240.4764031698728,87.14334520575738
1242.1917123369042,87.15724119710893
1243.9093934035816,87.17107969462262
1245.6294496497214,87.18493732776966
1247.3518843596844,87.19881412301048
1249.0767008223675,87.21271010684207
1250.8039023312158,87.22617850581467
1252.5334921842334,87.23915165964286
1254.2654736839759,87.25214275252222
1255.9998501375746,87.26515180925857
1257.7366248567284,87.27817885469203
1259.4758011577164,87.29122391369704
1261.2173823614075,87.30428701118245
1262.9613717932543,87.31736817209158
1264.7077727833168,87.33046742140219
1266.4565886662542,87.34398821063422
1268.207822781337,87.3576087452948
1269.9614784724586,87.3712481141935
1271.7175590881268,87.38490634337397
1273.4760679814888,87.3985834589159
1275.2370085103237,87.412279486935
1277.0003840370532,87.42599445358313
1278.766197928754,87.4397283850483
1280.5344535571496,87.45301911127014
1282.3051542986345,87.4652597462664
1284.0783035342677,87.47751730739958
1285.8539046497824,87.4897918180748
1287.6319610356,87.50208330172963
1289.4124760868194,87.514391781834
1291.195453203245,87.5267172818903
1292.9808957893763,87.53905982543343
1294.7688072544202,87.55141943603081
1296.559191012302,87.5637961372825
1298.3520504816645,87.57618995282111
1300.1473890858779,87.58860090631202
1301.9452102530468,87.6010290214533
1303.7455174160148,87.61347432197572
1305.5483140123763,87.62593683164296
1307.353603484475,87.63841657425156
1309.1613892794157,87.65091357363087
1310.9716748490707,87.66342785364331
1312.7844636500836,87.6759594381842
1314.5997591438813,87.68850835118195
1316.4175647966742,87.70065627972593
1318.237884079466,87.7127027279983
1320.0607204680607,87.72474671099012
1321.8860774430668,87.7362516317774
1323.7139584899103,87.74777246136883
1325.5443670988323,87.75930922176275
1327.3773067649015,87.77086193498805
1329.2127809880196,87.782430623104
1331.050793272927,87.79401530820037
1332.8913471292137,87.80561601239759
1334.734446071319,87.81723275784651
1336.5800936185435,87.82886556672874
1338.4282932950537,87.84051446125652
1340.2790486298882,87.85209118431327
1342.1323631569696,87.8631860053968
1343.988240415103,87.87429616820566
1345.8466839479884,87.8854216939542
1347.7076973042258,87.89656260388597
1349.5712840373205,87.90771891927399
1351.4374477056963,87.91889066142062
1353.3061918726928,87.93007785165776
1355.1775201065789,87.94128051134669
1357.051435980557,87.95249866187835
1358.9279430727693,87.96373232467323
1360.8070449663103,87.97517443182981
1362.6887452492244,87.98688897262191
1364.573047514518,87.99861971207703
1366.4599553601713,88.01036667259439
1368.3494723891297,88.02212987660414
1370.2416022093305,88.03390934656755
1372.1363484336946,88.04570510497688
1374.033714680139,88.0575171743555
1375.9337045715884,88.06934557725798
1377.8363217359679,88.08119033626996
1379.7415698062293,88.09305147400842
1381.6494524203417,88.10318956932629
1383.559973221305,88.11306877686205
1385.4731358571626,88.12296164519393
1387.3889439809918,88.13286819321185
1389.3074012509317,88.14278843983185
1391.2285113301741,88.15272240399611
1393.1522778869758,88.162670104673
1395.078704594672,88.17263156085716
1397.0077951316678,88.18260679156943
1398.9395531814635,88.19259581585703
1400.8739824326485,88.203723613848
1402.811086578912,88.21623365842005
1404.7508693190564,88.2287610016639
1406.6933343569892,88.24130566749979
1408.6384854017492,88.25386767988113
1410.5863261674986,88.26644706279443
1412.5368603735353,88.27904384025935
1414.4900917443056,88.29165803632877
1416.4460240093965,88.30428967508881
1418.404660903562,88.31693878065899
1420.3660061667142,88.32960537719204
1422.3300635439377,88.34228948887416
1424.2968367855005,88.35499113992506
1426.266329646847,88.3677103545978
1428.2385458886242,88.38044715717909
1430.213489276674,88.39308471507543
1432.191163582045,88.4047742534759
1434.1715725810066,88.41647995596652
1436.1547200550394,88.42820184489865
1438.140609790864,88.43993994265469
1440.12924558043,88.45169427164785
1442.120631220932,88.46346485432247
1444.1147705148198,88.47525171315381
1446.111667269792,88.48705487064827
1448.1113252988216,88.49887434934334
1450.1137484201492,88.51062419809766
1452.1189404572947,88.52096081600173
1454.1269052390712,88.53131172720104
1456.1376465995756,88.54167695146008
1458.151168378217,88.55205650857069
1460.167474419708,88.56245041835216
1462.186568574077,88.57285870065103
1464.2084546966826,88.5832813753414
1466.2331366482038,88.59371846232482
1468.2606182946683,88.60416998153035
1470.2909035074447,88.61463595291463
1472.3239961632537,88.62511639646186
1474.359900144183,88.63561133218393
1476.3986193376786,88.64580378770951
1478.4401576365713,88.65586506007718
1480.4845189390699,88.66594024499705
1482.5317071487727,88.67602936170715
1484.5817261746827,88.68613242947218
1486.6345799311969,88.69624946758331
1488.690272338136,88.70638049535859
1490.748807320735,88.71652553214265
1492.8101888096564,88.72668459730686
1494.874420741004,88.73685771024948
1496.9415070563143,88.7470448903955
1499.0114517025838,88.7572461571968
1501.0842586322615,88.76712546055494
1503.1599318032615,88.77671159731186
1505.2384751789768,88.78631098961175
1507.3198927282706,88.79592365578412
1509.4041884255048,88.80554961418387
1511.4913662505303,88.81518888319125
1513.5814301887017,88.82484148121195
1515.674384230891,88.83450742667709
1517.7702323734773,88.84418673804329
1519.868978618377,88.8538794337927
1521.9706269730336,88.86358553243294
1524.0751814504329,88.87330505249736
1526.182646069115,88.88327669417454
1528.2930248531666,88.89344902943593
1530.4063218322494,88.9036354308253
1532.5225410415912,88.91383591779316
1534.6416865219996,88.92405050981672
1536.763762319876,88.93427922640028
1538.8887724872059,88.94452208707497
1541.016721081589,88.95477911139903
1543.1476121662295,88.9650503189577
1545.2814498099501,88.97533572936327
1547.4182380872062,88.98563536225525
1549.5579810780762,88.99594923730022
1551.7006828682913,89.00775033562422
1553.846347549226,89.01995111426396
1555.9949792179127,89.03216876392793
1558.146581977055,89.0444033079451
1560.3011599350184,89.05665476967664
1562.458717205861,89.06892317251611
1564.6192579093233,89.08120853988936
1566.7827861708424,89.09351089525467
1568.9493061215662,89.10583026210274
1571.118821898344,89.11816666395673
1573.2913376437568,89.13052012437235
1575.4668575061073,89.14247960512857
1577.6453856394346,89.15294908849057
1579.826926203528,89.16343304887187
1582.0114833639182,89.17393150629097
1584.1990612919064,89.18444448079418
1586.3896641645565,89.19497199245546
1588.583296164707,89.2055140613765
1590.7799614809862,89.21607070768687
1592.9796643078091,89.22664195154391
1595.1824088453925,89.23722781313285
1597.388199299761,89.24782831266681
1599.5970398827537,89.25844347038695
1601.8089348120386,89.26820205119945
1604.023888311111,89.27777977592386
1606.2419046093078,89.28737074455921
1608.4629879418142,89.29697497541896
1610.6871425496702,89.3065924868419
1612.9143726797854,89.31622329719211
1615.1446825849366,89.32586742485917
1617.3780765237832,89.33552488825802
1619.6145587608733,89.34519570582908
1621.8541335666498,89.35487989603824
1624.096805217467,89.36457747737695
1626.3425779955858,89.37343901926447
1628.5914561891914,89.38174057320593
1630.8434440923984,89.39005360639156
1633.098546005257,89.39837813469472
1635.3567662337693,89.40671417401067
1637.618109089886,89.41506174025659
1639.8825788915221,89.42342084937174
1642.1501799625635,89.43179151731742
1644.4209166328733,89.44017376007692
1646.6947932383068,89.44856759365575
1648.9718141207102,89.45697303408149
1651.2519836279346,89.46536390590633
1653.535306113844,89.47374484109088
1655.8217859383203,89.48213736528662
1658.1114274672798,89.49054149451865
1660.4042350726709,89.49895724483424
1662.7002131324887,89.50738463230282
1664.9993660307825,89.51582367301599
1667.301698157662,89.5242743830877
1669.6072139093123,89.53273677865413
1671.9159176879928,89.54121087587379
1674.2278139020516,89.54969669092748
1676.542906965933,89.5578871706741
1678.8612013001832,89.56593508308957
1681.182701331467,89.57399412401816
1683.5074114925642,89.5820643088482
1685.835336222385,89.59014565298929
1688.1664799659839,89.59823817187232
1690.5008471745507,89.6063418809495
1692.8384423054415,89.6144567956945
1695.1792698221693,89.62258293160227
1697.5233341944192,89.63072030418925
1699.870639898064,89.63886892899332
1702.2211914151533,89.64744002333659
1704.5749932339465,89.65604695075922
1706.9320498489028,89.66466577969118
1709.2923657606955,89.67329652658965
1711.655945476229,89.68193920793469
1714.022793508627,89.69059384022894
1716.3929143772668,89.699260439998
1718.7663126077673,89.70793902379033
1721.1429927320057,89.71662960817714
1723.5229592881328,89.72533220975272
1725.9062168205623,89.7338099902645
1728.2927698800045,89.74191291067406
1730.6826230234547,89.75002703566082
1733.0757808142096,89.7581523807183
1735.4722478218837,89.76628896136145
1737.8720286223975,89.77443679312658
1740.2751277980108,89.78259589157159
1742.6815499373135,89.79076627227583
1745.0912996352401,89.79894795084022
1747.5043814930862,89.80714094288726
1749.920800118497,89.81534526406101
1752.3405601255022,89.82401434333468
1754.7636661345043,89.83271077387674
1757.1901227722947,89.84141922969151
1759.6199346720698,89.85013972740734
1762.0531064734207,89.85887228367552
1764.4896428223656,89.86761691517044
1766.929548371341,89.87637363858948
1769.3728277792159,89.88514247065318
1771.8194857113092,89.89392342810514
1774.2695268393782,89.90271652771213
1776.7229558416527,89.9111908179333
1779.1797774028241,89.91953631320041
1781.6399962140624,89.927893348473
1784.1036169730312,89.93626193970846
1786.570644383877,89.94464210288612
1789.0410831572642,89.95303385400747
1791.514938010364,89.96143720909616
1793.9922136668697,89.96985218419786
1796.4729148570145,89.97827879538063
1798.9570463175592,89.98671705873458
1801.4446127918275,89.99530782085783
1803.9356190296946,90.0040122768085
1806.430069787604,90.01272876912923
1808.9279698285834,90.02145731446375
1811.4293239222343,90.03019792947875
1813.9341368447658,90.03895063086397
1816.4424133789846,90.04771543533224
1818.9541583143105,90.05649235961948
1821.469376446794,90.06528142048478
1823.988072579104,90.07408263471036
1826.510251520564,90.082446679001
1829.0359180871396,90.09052079723212
1831.5650771014564,90.09860608021332
1834.0977333928158,90.10670254338305
1836.633891797184,90.11481020220101
1839.173557157228,90.12292907214841
1841.7167343223027,90.1310591687278
1844.263428148469,90.1392005074631
1846.8136434985108,90.14735310389987
1849.367385241922,90.15551697360497
1851.9246582549436,90.1638176455473
1854.485467420552,90.17217110747787
1857.0498176284752,90.18053612043013
1859.6177137752109,90.18891270037663
1862.1891607640139,90.19730086331198
1864.7641635049324,90.20570062525297
1867.3427269147965,90.21411200223848
1869.9248559172356,90.2225350103296
1872.5105554426943,90.23096966560962
1875.0998304284224,90.23939944294762
1877.6926858185095,90.24742782209186
1880.2891265638748,90.25546730273896
1882.889157622283,90.2635179002399
1885.4927839583625,90.27157962996687
1888.1000105435924,90.27965250731329
1890.710842356341,90.2877365476939
1893.3252843818516,90.2958317665448
1895.9433416122617,90.30393817932332
1898.56501904662,90.31205580150827
1901.1903216908731,90.31984054246993
1903.8192545579043,90.32722064055024
1906.4518226675202,90.33461094370163
1909.0880310464693,90.34201146603552
1911.7278847284583,90.34942222168281
1914.371388754141,90.35684322479396
1917.018548171155,90.36427448953896
1919.6693680341098,90.37171603010744
1922.3238534046043,90.3791678607086
1924.9820093512442,90.38662999557137
1927.6438409496309,90.39367430534088
1930.3093532823968,90.400725438425
1932.978551439196,90.40778632169314
1935.6514405167197,90.41485696862769
1938.3280256187145,90.4219373927297
1941.0083118559708,90.42902760751883
1943.6923043463598,90.43612762653352
1946.380008214822,90.44323746333083
1949.0714285933846,90.45035713148667
1951.7665706211785,90.45705669663784
1954.4654394444278,90.46353921761916
1957.1680402164864,90.47003070251759
1959.874378097826,90.4765311637283
1962.584458256054,90.48304061366355
1965.2982858659302,90.48955906475283
1968.015866109363,90.49608652944272
1970.737204175429,90.50262302019713
1973.46230526038,90.50916854949712
1976.1911745676505,90.51522710092758
1978.9238173078772,90.52065281774115
1981.6602386988952,90.52608603714144
1984.4004439657572,90.53152676950289
1987.1444383407406,90.53697502521432
1989.8922270633564,90.54243081467884
1992.6438153803663,90.54789414831403
1995.399208545781,90.55336503655184
1998.1584118208789,90.5588434898386
2000.9214304742134,90.56415465365502
2003.6882697816206,90.56912318996996
2006.458935026239,90.5740985966904
2009.2334314985055,90.57908088331662
2012.0117644961754,90.58407005936198
2014.793939324329,90.58906613435312
2017.5799612953801,90.59406911782973
2020.3698357290957,90.59907901934479
2023.1635679525918,90.60409584846438
2025.9611633003528,90.60911961476792
2028.7626271142396,90.61415032784804
2031.567964743498,90.61833267254298
2034.3771815447762,90.62184488024201
2037.1902828821242,90.62536194456071
2040.00727412701,90.62888387221467
2042.828160658331,90.63241066992886
2045.6529478624184,90.63594234443752
2048.4816411330594,90.63947890248416
2051.3142458714924,90.6430203508217
2054.150767486427,90.64656669621233
2056.9912113940522,90.6501179454276
2059.835583018043,90.65367410524841
2062.6838877895825,90.65536500472187
2065.5361311473557,90.65694351542504
2068.3923185375716,90.65852420886533
2071.252455413969,90.66010708806097
2074.116547237827,90.6616921560344
2076.984599477982,90.66327941581221
2079.856617610827,90.66486887042522
2082.732607120329,90.66646052290837
2085.612573498038,90.66805437630087
2088.496522243097,90.66965043364605
2091.3844588622574,90.67093875610949
2094.276388869881,90.6718918077098
2097.1723177879553,90.67284617717324
2100.072251146104,90.67380186632215
2102.9761944815946,90.6747588769814
2105.884153339359,90.67571721097829
2108.7961332719888,90.67667687014277
2111.7121398397567,90.67763785630719
2114.6321786106228,90.67860017130657
2117.556255160246,90.67956381697837
2120.484375072001,90.68021503044584
2123.4165439369754,90.67928196544352
2126.3527673539916,90.67834761021517
2129.2930509296116,90.67741196297669
2132.237400278156,90.6764750219415
2135.1858210217033,90.67553678532056
2138.138318790107,90.67459725132234
2141.094899221006,90.67266824879555
2144.0555679598333,90.66905404944099
2147.0203306598337,90.66543485243447
2149.9891929820633,90.66181065086539
2152.9621605954085,90.6581814378135
2155.939239176594,90.654547206349
2158.920434410193,90.65090794953254
2161.905751988645,90.64726366041509
2164.895197612254,90.64361433203815
2167.8887769892094,90.63995995743348
2170.886495835593,90.63630052962326
2173.8883598753887,90.63263604161996
2176.894374840503,90.62896648642648
2179.90454647076,90.62529185703598
2182.9188805139247,90.61891769134355
2185.9373827257086,90.61244647537683
2188.9600588697804,90.60596631112536
2191.9869147177856,90.59947718621561
2195.017956049344,90.59297908825694
2198.0531886520694,90.5864720048416
2201.092618321578,90.57977459898159
2204.136250861499,90.57274440385908
2207.1840920834925,90.56570448750517
2210.2361478072485,90.55865483647754
2213.2924238605074,90.55159543731524
2216.352926079066,90.54452627653872
2219.4176603067913,90.53744734064979
2222.4866323956353,90.5303586161316
2225.559848205637,90.52326008944858
2228.6373136049397,90.5161517470465
2231.7190344698015,90.50903357535235
2234.8050166846037,90.50190556077433
2237.8952661418716,90.4947676897019
2240.9897887422712,90.48738514174715
2244.088590394631,90.47949239064519
2247.1916770159487,90.47158872558448
2250.2990545314033,90.46367413147335
2253.4107288743726,90.45574859319935
2256.5267059864323,90.44781209562903
2259.646991817377,90.43986462360807
2262.771592325228,90.43190616196124
2265.900513476243,90.42393669549222
2269.033761244937,90.41595620898379
2272.171341614079,90.4067420529867
2275.3132605747137,90.39697033591703
2278.4595241261695,90.38718510668717
2281.610138276069,90.37738634661274
2284.7651090403483,90.36757403698351
2287.9244424432554,90.35774815906343
2291.088144517372,90.34790869409046
2294.256221303619,90.33805562327672
2297.4286788512713,90.32818892780824
2300.6055232179733,90.31802531162765
2303.78676046974,90.30664305682332
2306.972396680976,90.29524506283525
2310.162437934486,90.28383130789962
2313.3568903214837,90.27240177022242
2316.5557599416125,90.26095642797958
2319.759052902942,90.2494952593168
2322.966775321993,90.2380182423496
2326.1789333237407,90.22652535516322
2329.3955330416306,90.21501657581261
2332.6165806175945,90.20199775664342
2335.842082202051,90.18861529392512
2339.0720439539255,90.17521432617046
2342.3064720406596,90.16179482779096
2345.5453726382216,90.14835677316283
2348.7887519311253,90.13490013662675
2352.036616112431,90.12142489248804
2355.288971383764,90.10793101501639
2358.545823955323,90.094418478446
2361.8071800459015,90.07991384454334
2365.0730458828843,90.06460479906144
2368.3434277022707,90.04927458449806
2371.618331748682,90.03392317158098
2374.897764275373,90.01855053099746
2378.181731544252,90.00315663339425
2381.470239825879,89.98774144937755
2384.7632953994876,89.97230494951282
2388.060904552994,89.95684710432492
2391.363073583006,89.94136788429792
2394.6698087948475,89.925867259875
2397.981116502552,89.91034520145861
2401.297003028887,89.89416700178633
2404.6174747053637,89.87697714128198
2407.9425378722453,89.85976351093791
2411.2721988785693,89.84252607788558
2414.6064640821455,89.82526480921102
2417.9453398495784,89.80797967195474
2421.288832556275,89.79067063311167
2424.6369485864557,89.77333765963117
2427.9896943331773,89.75598071841677
2431.347076198328,89.73822209545006
2434.7091005926522,89.71987450571447
2438.0757739357587,89.70150154525133
2441.447102656129,89.68310317897846
2444.8230931911444,89.66467937176508
2448.2037519870773,89.64623008843198
2451.589085499118,89.62775529375115
2454.9791001913827,89.609254952446
2458.3738025369234,89.59072902919108
2461.77319901775,89.57217748861211
2465.177296124829,89.5536002952859
2468.586100358104,89.53499741374031
2471.9996182265077,89.5162240666442
2475.4178562479697,89.49732227383736
2478.8408209494405,89.47839434396055
2482.268518866889,89.45944024087198
2485.7009565453227,89.44045992837975
2489.1381405388015,89.42145337024193
2492.5800774104446,89.40242053016657
2496.0267737324534,89.38336137181136
2499.478236086112,89.36427585878391
2502.934471061804,89.34423247201335
2506.3954852590296,89.32399551821719
2509.8612852864094,89.30373058111377
2513.331877761712,89.28343762200821
2516.807269311848,89.26311660215221
2520.2874665728946,89.24276748274384
2523.772476190105,89.22239022492757
2527.2623048179194,89.20198478979408
2530.756959119986,89.18155113838021
2534.256445769161,89.16108923166905
2537.7607714475303,89.14059903058961
2541.2699428464184,89.1202753369982
2544.7839666664013,89.10026756885792
2548.302849617327,89.08023213432425
2551.826598418315,89.06016899514064
2555.355219797778,89.04007811299755
2558.888720493432,89.01995944953256
2562.427107252309,88.99981296633008
2565.970386830776,88.9796386249215
2569.5185659945373,88.95943638678494
2573.0716515186537,88.93920621334534
2576.629650187555,88.91894806597419
2580.192568795049,88.8986342755771
2583.7604141443467,88.87780813790032
2587.3331930480585,88.85695320220303
2590.910912328217,88.83606942866386
2594.4935788162893,88.81515677740636
2598.0811993531856,88.7942152084989
2601.6737807892832,88.77324468195467
2605.271329984425,88.75224515773151
2608.8738538079415,88.73121659573196
2612.481359138662,88.71015895580312
2616.093852864925,88.68907219773651
2619.711341884603,88.66795628126808
2623.3338331050977,88.64697608894966
2626.961333443365,88.62598118508909
2630.593849825924,88.6049572498411
2634.231389188878,88.58390424306158
2637.8739584779137,88.56282212455095
2641.521564648326,88.54171085405397
2645.174214665027,88.52057039125981
2648.8319155025565,88.49940069580187
2652.4946741451063,88.47838939258513
2656.1624975865193,88.45743702758905
2659.835392830311,88.43645569002753
2663.5133668896806,88.41544533983785
2667.196426787524,88.39440593690182
2670.8845795564557,88.37333744104582
2674.5778322388055,88.35223981204068
2678.276191886646,88.33111300960154
2681.979665561799,88.30995699338793
2685.68826033585,88.28877172300355
2689.401983290171,88.26755715799624
2693.1208415159176,88.24635655519938
2696.8448421140542,88.22513494470195
2700.5739921953627,88.20388398933109
2704.308298880457,88.1826036485093
2708.0477692998043,88.16129388160276
2711.792410593723,88.13995464792167
2715.5422299124093,88.11858590671987
2719.297234415945,88.09718761719488
2723.0574312743106,88.07639973953574
2726.8228276674104,88.05573042756087
2730.5934307850666,88.03503253442135
2734.3692478270477,88.01430602059565
2738.150286003078,87.9935508465076
2741.9365525328467,87.97276697252629
2745.728054646037,87.95195435896598
2749.5247995823192,87.9311129660861
2753.3267945913776,87.9102427540911
2757.134046932922,87.88934368313043
2760.946563876697,87.86875087579108
2764.764352702508,87.84914578252022
2768.58742070022,87.82951357966782
2772.415775169779,87.8098542297472
2776.2494234212268,87.79016769521992
2780.0883727747096,87.77045393849552
2783.9326305605045,87.75071292193167
2787.782204119017,87.73094460783388
2791.637100800805,87.71114895845564
2795.49732796659,87.69132593599818
2799.36289298727,87.6714755026105
2803.2338032439434,87.65280343824799
2807.110066127907,87.6343434469113
2810.99168904068,87.6158579294201
2814.878679394017,87.59734685047721
2818.771044609919,87.57881017473677
2822.6687921206576,87.56024786680392
2826.5719293687735,87.54165989123494
2830.4804638071014,87.52304621253704
2834.394402898783,87.50440679516844
2838.313754117275,87.48574160353807
2842.2385249463778,87.46705060200578
2846.1687228802325,87.44833375488209
2850.1043554233443,87.4296452161124
2854.0454300905967,87.41292309179317
2857.991954407261,87.39617784441167
2861.943935909023,87.3794094419937
2865.9013821419812,87.3626178525209
2869.86430066267,87.34580304393062
2873.8326990380738,87.32896498411583
2877.806584845637,87.31210364092517
2881.7859656732917,87.29521898216284
2885.770849119453,87.27831097558835
2889.7612427930453,87.26137958891688
2893.757154313516,87.24442478981877
2897.7585913108437,87.22744654591973
2901.765561425568,87.21105736279651
2905.778072308785,87.19542421914441
2909.7961316221717,87.17976945825352
2913.8197470379987,87.16409305023193
2917.8489262391527,87.14839496514632
2921.883676919137,87.13267517302201
2925.924006782095,87.11693364384296
2929.9699235428243,87.10117034755147
2934.0214349267862,87.08538525404843
2938.0785486701343,87.06957833319296
2942.141272519711,87.05374955480262
2946.209614233074,87.03789888865317
2950.283581578506,87.02211885227207
2954.363182335031,87.00755571107014
2958.4484242924377,86.99297243221015
2962.5393152512775,86.97836898784614
2966.635863022891,86.96374535009359
2970.738075429421,86.94910149102941
2974.845960303822,86.93443738269197
2978.95952548989,86.91975299708089
2983.0787788422585,86.90504830615713
2987.203728226425,86.89032328184283
2991.3343815187623,86.87557789602135
2995.470746606533,86.86081212053716
2999.6128313879135,86.84602592719578
3003.760643771994,86.83360147069499
3007.9141916788044,86.82140542528266
3012.073483039325,86.80919251539115
3016.2385257955,86.79696271770052
3020.4093279002664,86.78471600885865
3024.5858973175473,86.77245236548106
3028.7682420222823,86.76017176415098
3032.956370000438,86.74787418141926
3037.150289249021,86.7355595938043
3041.3500077761064,86.7238208955823
3045.555533600831,86.71331927704536
3049.7668747534262,86.70280313705324
3053.984039275225,86.69227245552582
3058.2070352186784,86.68172721235544
3062.4358706473804,86.67116738740644
3066.6705536360673,86.66059296051537
3070.9110922706423,86.65032577381668
3075.157494648191,86.64122221254628
3079.409768876992,86.63210606302992
3083.667923076545,86.62297730786076
3087.931965377568,86.61383592960793
3092.2019039220254,86.60468191081644
3096.47774686314,86.59551523400718
3100.759502365405,86.5863358816769
3105.0471786046137,86.57714383629805
3109.3407837678546,86.56793908031894
3113.6403260535412,86.56080867093021
3117.9458136714225,86.55404686674724
3122.2572548425974,86.54727571245924
3126.5746577995415,86.54049519513701
3130.8980307861057,86.53370530183349
3135.2273820575433,86.52690601958379
3139.562719880522,86.52009733540497
3143.9040525331375,86.51327923629628
3148.251388304943,86.50645170923885
3152.6047354969432,86.5004347336365
3156.9641024216257,86.49496067658917
3161.3294974029723,86.48947905011109
3165.700928776471,86.48398984373539
3170.0784048891464,86.4784930469807
3174.461934099555,86.4729886493512
3178.851524777816,86.4674766403365
3183.2471853056204,86.46195700941173
3187.6489240762476,86.45642974603747
3192.0567494945926,86.45089483965965
3196.4706699771627,86.4453522797097
3200.8906939521057,86.44027269235067
3205.316829859226,86.43705353419786
3209.7490861499923,86.43382992464922
3214.187471287572,86.4306018575494
3218.631993746824,86.42736932673465
3223.08266201433,86.42413232603258
3227.539484588403,86.4208908492623
3232.0024699791184,86.4176448902344
3236.471626708307,86.41439444275086
3240.9469633095896,86.41113950060519
3245.4284883283854,86.40788005758219
3249.9162103219264,86.40461610745814
3254.410137859288,86.40262270305858
3258.9102795213857,86.40065080098412
3263.4166439010023,86.39867617219785
3267.929239602803,86.39669881292927
3272.448075243349,86.3947187194027
3276.973159451125,86.39273588783732
3281.504500866538,86.39075031444696
3286.0421081419454,86.3887619954403
3290.5859899416696,86.38677092702075
3295.13615494201,86.38477710538649
3299.692611831273,86.38278052673037
3304.255369309771,86.38437162672604
3308.824436089849,86.38622464221915
3313.3998208958983,86.3880802200298
3317.9815324643723,86.38993836370115
3322.5695795438146,86.3917990767812
3327.163970894856,86.3936623628229
3331.7647152902455,86.39552822538407
3336.371821514861,86.3973966680275
3340.9852983657265,86.39926769432088
3345.60515465204,86.40114130783684
3350.2313991951696,86.40307575764434
3354.8640408286865,86.40612063856867
3359.503088398375,86.40916972990131
3364.1485507622488,86.41222303746434
3368.800436790581,86.41528056708789
3373.4587553658994,86.41834232461015
3378.123515383017,86.42140831587743
3382.7947257490487,86.42447854674401
3387.4723953834205,86.42755302307235
3392.156533217903,86.43063175073303
3396.847148196607,86.43371473560471
3401.5442492760158,86.4373106129582
3406.2478454249954,86.44195135338397
3410.9579456248116,86.4465985109448
3415.67455886916,86.45125209451415
3420.3976941641617,86.45591211297783
3425.127360528394,86.46057857523387
3429.8635669929063,86.46525149019266
3434.606322601232,86.46993086677689
3439.3556364094197,86.47461671392153
3444.1115174860306,86.47930904057402
3448.873974912169,86.48400785569409
3453.6430177814973,86.48981121024342
3458.418655200247,86.49596245410184
3463.2008962872537,86.50212220379315
3467.989750173951,86.50829047107906
3472.785226004404,86.51446726773754
3477.587332935321,86.52065260556289
3482.3960801360677,86.52684649636565
3487.2114767887015,86.53304895197277
3492.033532087965,86.53925998422746
3496.862255241319,86.5454796049894
3501.6976554689554,86.55200801123347
3506.5397420038134,86.5591010385358
3511.388524091609,86.56620387395274
3516.244010990832,86.57331653104681
3521.10621197278,86.58043902339922
3525.975136321569,86.58757136461004
3530.8507933341502,86.59471356829808
3535.733192320341,86.60186564810097
3540.6223426028214,86.60902761767524
3545.518253517166,86.61619949069636
3550.42093441186,86.62356616507407
3555.3303946483093,86.63291423558057
3560.2466436008776,86.64227523243613
3565.1696906568795,86.65164917351517
3570.0995452166144,86.66103607671666
3575.036216693379,86.67043595996442
3579.979714513485,86.67984884120703
3584.9300481162877,86.68927473841791
3589.8872269541844,86.69871366959529
3594.8512604926477,86.70816565276232
3599.822158210234,86.71763070596705
3604.7999295986183,86.72792390732792
3609.784584162589,86.73826158242814
3614.7761314200816,86.74861355228545
3619.7745809021926,86.7589798366664
3624.779942153194,86.76936045536485
3629.7922247305673,86.77975542820207
3634.811438204998,86.7901647750267
3639.83759216041,86.80058851571481
3644.8706961939797,86.81102667017002
3649.9107599161503,86.82147925832345
3654.9577929506654,86.83316371924472
3660.011804934565,86.84488628103418
3665.072805518219,86.85662505257794
3670.140804365341,86.86838005629056
3675.2158111530043,86.88015131461758
3680.2978355716746,86.89193885003563
3685.386887325206,86.90374268505236
3690.482976130875,86.9155628422066
3695.5861117193945,86.92739934406829
3700.696303834929,86.93945908510797
3705.8135622351297,86.95284868169007
3710.937896691127,86.96625679317316
3716.0693169875685,86.97968344515927
3721.207832922631,86.99312866328593
3726.3534543080355,87.00659247322606
3731.506190969083,87.0200749006881
3736.6660527446493,87.03357597141604
3741.833049487218,87.04709571118944
3747.0071910628976,87.06063414582356
3752.188487351435,87.07424528489946
3757.37694824625,87.08794917134963
3762.5725836544316,87.10167200729533
3767.7754034967725,87.11541381893956
3772.9854177077827,87.12917463252165
3778.2026362357055,87.1429544743171
3783.4270690425537,87.15675337063779
3788.6587261041022,87.17057134783202
3793.8976174099244,87.18440843228446
3799.143752963407,87.19826465041632
3804.3971427817664,87.21214002868527
3809.657796896081,87.22603459358568
3814.925725351289,87.23994837164844
3820.2009382062224,87.25389366332094
3825.483445533622,87.26816861808847
3830.773257420154,87.28246331201485
3836.070383966443,87.29677777239509
3841.3748352870684,87.31111202656182
3846.686621510602,87.32546610188558
3852.005752779619,87.33984002577472
3857.332239250716,87.35423382567546
3862.6660910945475,87.36864752907206
3868.007318495818,87.38308116348672
3873.3559316533197,87.39803378910972
3878.711940779948,87.41330381576314
3884.075356102716,87.42859495754347
3889.446187862791,87.44390724364838
3894.8244463154883,87.45924070331586
3900.210141730311,87.4745953658243
3905.6032843909593,87.48997126049267
3911.003884595352,87.50536841668038
3916.411952655658,87.52078686378756
3921.8274988982944,87.53622663125486
3927.250533663962,87.55168774856374
3932.6810673076598,87.56717024523637
3938.1191101987015,87.58267415083576
3943.564672720752,87.5981994949658
3949.0177652718216,87.61374630727136
3954.478398264304,87.62945956079801
3959.9465821249896,87.64522637632369
3965.4223272950835,87.66101499392725
3970.9056442302413,87.6768254437563
3976.396543400563,87.69265775600003
3981.8950352906318,87.7085119608894
3987.4011303995244,87.7243880886972
3992.9148392408474,87.74028616973801
3998.4361723427332,87.75620623436845
4003.9651402478767,87.77183988675567
4009.5017535135503,87.78737334741591
4015.0460227116223,87.80292828747504
4020.59795842859,87.8185047366344
4026.157571265579,87.83410272463637
4031.724871838376,87.8497222812645
4037.2998707774495,87.86536343634354
4042.882578727961,87.88102621973941
4048.4730063498064,87.8967106613594
4054.0711643176082,87.91241679115211
4059.6770633207543,87.92814463910757
4065.2907140634134,87.94427427018773
4070.912127264552,87.96044943383794
4076.5413136579705,87.97664696422277
4082.1782839923003,87.99286689227053
4087.8230490310384,88.00910924895231
4093.475619552567,88.02537406528205
4099.136006350167,88.04166137231654
4104.8042202320585,88.05797120115557
4110.480272021391,88.07430358294187
4116.164172556289,88.09065854886127
4121.8559326898585,88.10707099590046
4127.555563290213,88.12357829770981
4133.263075240506,88.14010842552864
4138.978479438925,88.15666141092036
4144.701786798734,88.173237285492
4150.4330082482875,88.1898360808943
4156.172154731046,88.2064578288218
4161.919237205616,88.22310256101291
4167.674266645745,88.23977030924978
4173.437254040358,88.25646110535865
4179.208210393576,88.2731749812097
4184.987146724733,88.28928282432567
4190.77407406841,88.30531291619242
4196.569003474437,88.32136517419104
4202.371946007926,88.33743962897246
4208.182912749291,88.35353631123002
4214.001914794261,88.36965525169946
4219.8289632539245,88.38579648115906
4225.664069254717,88.40196003042968
4231.5072439384685,88.4181459303747
4237.358498462411,88.43435421190033
4243.217843999204,88.45058490595534
4249.0852917369675,88.46683804353144
4254.960852879279,88.48176095707286
4260.844538645214,88.49645474315615
4266.7363602693595,88.5111688475509
4272.636329001834,88.52590329835299
4278.544456108328,88.54065812369703
4284.460752870092,88.5554333517566
4290.385230583984,88.5702290107442
4296.3179005624825,88.5850451289114
4302.258774133704,88.59988173454876
4308.207862641441,88.614738855986
4314.165177445162,88.6296464298801
4320.130729920045,88.64458750404401
4326.104531456999,88.65954923846506
4332.086593462677,88.6745316617119
4338.076927359523,88.6895348023927
4344.075544585758,88.70455868915514
4350.082456595424,88.71960335068654
4356.097674858406,88.73466881571392
4362.12121086044,88.74975511300396
4368.153076103162,88.76486227136314
4374.193282104094,88.77850066116235
4380.241840396691,88.79150088510595
4386.298762530359,88.80451908553282
4392.364060070466,88.81755528730052
4398.4377445983855,88.83060951530098
4404.519827711496,88.84368179446058
4410.610321023214,88.85677214974015
4416.709236163016,88.86988060613504
4422.816584776454,88.88300718867514
4428.932378525197,88.89615192242495
4435.056629087028,88.9093148324837
4441.189348155881,88.92173863834607
4447.330547441854,88.93102762873826
4453.480238671254,88.94032946378464
4459.638433586587,88.9496441612465
4465.805143946602,88.9589717389098
4471.980381526307,88.96831221458503
4478.16415811699,88.97766560610738
4484.356485526254,88.98703193133662
4490.557375578019,88.99641120815728
4496.766840112557,89.0058034544786
4502.984890986513,89.01281368301268
4509.211540072924,89.01723580768287
4515.446799261258,89.02166404719003
4521.690680457408,89.02609840998964
4527.943195583737,89.03053890454895
4534.204356579094,89.03498553934678
4540.47417539883,89.03943832287375
4546.752664014844,89.04389726363225
4553.039834415575,89.04432610550265
4559.335698606042,89.04043779476876
4565.640268607868,89.03654410734651
4571.953556459292,89.03264503580112
4578.275574215213,89.02874057268748
4584.6063339471875,89.02483071055025
4590.945847743467,89.02091544192375
4597.29412770902,89.01699475933196
4603.6511859655475,89.01306865528859
4610.017034651526,89.00913712229692
4616.391685922205,89.0052001528499
4622.775151949644,88.99320244572469
4629.167444922737,88.97069999414254
4635.568577047224,88.94816642656222
4641.978560545739,88.92560169995708
4648.397407657805,88.90300577124096
4654.825130639871,88.88037859726815
4661.2617417653355,88.8577201348332
4667.707253324565,88.83503034067103
4674.161677624932,88.8123091714566
4680.625026990816,88.78676268016864
4687.097313763642,88.73504716716769
4693.578550301901,88.68326014285607
4700.068748981167,88.63140150834913
4706.567922194143,88.57947116462549
4713.0760823506525,88.52746901252692
4719.593241877686,88.47539495275807
4726.119413219414,88.42324888588625
4732.654608837213,88.37103071234135
4739.198841209706,88.31874033241542
4745.752122832753,88.2663776462628
4752.314466219502,88.19881194039375
4758.8858839004,88.10334429316605
4765.466388423219,88.00774463493839
4772.0559923530955,87.91201278316821
4778.654708272527,87.81614855506056
4785.262548781413,87.72015176756781
4791.879526497077,87.62402223738911
4798.505654054285,87.5277597809703
4805.140944105287,87.4313642145031
4811.7854093198175,87.33483535392536
4818.4390623851305,87.23817301492028
4825.101916006026,87.11382321175773
4831.773982904869,86.98085968273172
4838.455275821629,86.84771229405328
4845.145807513876,86.71438079148459
4851.8455907568305,86.58086492043613
4858.554638343375,86.44716442596642
4865.272963084076,86.31327905278148
4872.000577807233,86.17493436028701
4878.737495358864,86.0262852048465
4885.483728602761,85.87743049994259
4892.2392904205,85.72836996134511
4899.004193711466,85.57910330443087
4905.778451392894,85.42963024418292
4912.562076399869,85.27995049519032
4919.355081685363,85.13006377164756
4926.15748022026,84.97996978735388
4932.96928499339,84.8296682557126
4939.790509011531,84.67915888973087
4946.62116529945,84.55701655427802
4953.461266899926,84.43561067895762
4960.310826873768,84.31403692570724
4967.16985829986,84.192295062388
4974.038374275156,84.07038485654037
4980.916387914724,83.94830607538317
4987.803912351771,83.82605848581342
4994.700960737656,83.70364185440592
5001.60754624194,83.59610384952859
5008.52368205238,83.53808892492893
5015.4493813749705,83.47999377830192
5022.384657433971,83.42181829871785
5029.329523471923,83.36356237509382
5036.283992749689,83.30522589619311
5043.248078546458,83.24680875062533
5050.221794159785,83.18831082684599
5057.205152905613,83.1297320131564
5064.198168118292,83.07107219770349
5071.200853150627,83.01233126847927
5078.213221373871,82.95350911332112
5085.235286177772,82.93485972754151
5092.267060970592,82.9299420893248
5099.30855917913,82.92501765108359
5106.359794248766,82.92008640341497
5113.420779643457,82.91514833690293
5120.491528845782,82.91020344211852
5127.572055356965,82.90525170961972
5134.662372696894,82.90029312995146
5141.7624944041645,82.89532769364557
5148.872434036082,82.89035539122084
5155.992205168701,82.90077839187553
5163.121821396848,82.91411807359115
5170.261296334146,82.92747620118637
5177.410643613057,82.94085280016775
5184.569876884877,82.95424789607725
5191.739009819785,82.96766151449212
5198.918056106862,82.9810936810249
5206.107029454115,82.99454442132365
5213.30594358852,83.00801376107184
5220.514812256019,83.02091834886049
5227.733649221565,83.0262446925193
5234.962468269151,83.03157840135334
5242.201283201817,83.0369194855471
5249.450107841712,83.04226795529907
5256.708956030078,83.04762382082184
5263.977841627305,83.0529870923422
5271.256778512945,83.058357780101
5278.5457805857395,83.06373589435331
5285.844861763667,83.06912144536835
5293.154035983931,83.07451444342955
5300.473317203015,83.07839558019518
5307.802719396701,83.06027658030176
5315.142256560092,83.04213252577084
5322.4919427076575,83.02396338195729
5329.8517918732305,83.00576911416809
5337.221818110056,82.98754968766225
5344.6020354908105,82.96930506765075
5351.992458107626,82.95103521929643
5359.393100072133,82.93274010771397
5366.803975515465,82.91441969796985
5374.225098588298,82.89607395508214
5381.656483460874,82.87303003087885
5389.098144323028,82.83364116047132
5396.5500953842275,82.79419782381972
5404.012350873577,82.7546999456091
5411.484925039859,82.71514745042042
5418.967832151562,82.67554026273014
5426.461086496896,82.63587830691056
5433.964702383847,82.59616150722916
5441.478694140169,82.55638978784883
5449.003076113433,82.51656307282758
5456.537862671044,82.46130745534846
5464.083068200293,82.40362791610282
5471.638707108345,82.34586861859482
5479.204793822297,82.28802945253612
5486.78134278919,82.23011030748587
5494.368368476041,82.17211107285057
5501.965885369887,82.11403163788366
5509.57390797778,82.05587189168556
5517.19245082684,81.99763172320324
5524.821528464273,81.9350131380218
5532.461155457394,81.86980187089641
5540.11134639368,81.8045004307665
5547.7721158807635,81.73910869294241
5555.443478546478,81.67362653256207
5563.125449038888,81.60805382459075
5570.818042026305,81.54239044382088
5578.521272197342,81.47663626487154
5586.235154260906,81.41079116218873
5593.9597029462475,81.34485501004461
5601.694933002986,81.28136342872382
5609.44085920113,81.2268332830877
5617.197496331129,81.17222773411581
5624.964859203866,81.11754667754177
5632.742962650713,81.06279000895499
5640.531821523548,81.0079576238005
5648.331450694783,80.95304941737875
5656.141865057407,80.8980652848454
5663.963079524991,80.84300512121114
5671.795109031733,80.78786882134148
5679.637968532479,80.73265627995657
5687.491673002752,80.67736739163102
5695.356237438797,80.62200205079357
5703.231676857579,80.5811091986427
5711.118006296838,80.56109498262633
5719.0152408151025,80.5410530913006
5726.92339549172,80.52098348639662
5734.842485426907,80.50088612959247
5742.772525741744,80.4807609825133
5750.713531578223,80.4606080067313
5758.665518099278,80.44042716376532
5766.628500488803,80.42021841508115
5774.602493951705,80.39998172209124
5782.587513713896,80.37971704615471
5790.583575022354,80.35942434857719
5798.5906931451345,80.33910359061086
5806.608883371404,80.34554546137673
5814.638161011484,80.35771711026199
5822.678541396854,80.36990558989135
5830.7300398801935,80.38211092353806
5838.792671835417,80.39433313450756
5846.8664526576895,80.40657224613757
5854.9513977634815,80.41882828179799
5863.047522590564,80.43110126489105
5871.154842598061,80.44339121885143
5879.273373266473,80.45569816714611
5887.4031300977,80.46802213327453
5895.544128615098,80.4803631407687
5903.696384363468,80.50244535930514
5911.859912909112,80.5362964644666
5920.034729839858,80.57019437834676
5928.220850765084,80.60413916567185
5936.418291315767,80.63813089125773
5944.627067144484,80.67216962000977
5952.847193925457,80.70625541692314
5961.078687354588,80.74038834708286
5969.321563149472,80.77456847566395
5977.57583704946,80.80879586793162
5985.841524815644,80.84307058924121
5994.118642230924,80.87739270503856
6002.407205100017,80.91973963920408
6010.70722924949,80.98166260916476
6019.018730527817,81.04367120512993
6027.341724805364,81.10576554550171
6035.67622797445,81.16794574884595
6044.02225594937,81.2302119338925
6052.379824666421,81.29256421953532
6060.748950083948,81.35500272483289
6069.129648182354,81.41752756900819
6077.521934964137,81.48013887144909
6085.92582645392,81.55143754736936
6094.341338698507,81.6264364722715
6102.768487766866,81.70153910438087
6111.207289750196,81.77674558710198
6119.657760761944,81.85205606403767
6128.119916937833,81.92747067898927
6136.593774435918,82.00298957595707
6145.079349436576,82.07861289914042
6153.576658142566,82.15480372320785
6162.085716779052,82.2317376677814
6170.606541593626,82.30877799527366
6179.139148856368,82.38592485278912
6187.683554859834,82.46317838763562
6196.239775919118,82.54053874732472
6204.807828371874,82.61800607957196
6213.38772857834,82.69558053229703
6221.979492921397,82.7701296607129
6230.583137806559,82.83430333377406
6239.198679662032,82.89856574507273
6247.826134938742,82.96291701731457
6256.4655201103515,83.02735727337493
6265.116851673326,83.0918866362992
6273.78014614692,83.15650522930268
6282.455420073238,83.22121317577125
6291.142690017258,83.28601059926125
6299.84197256686,83.35089762349996
6308.553284332877,83.3771322531807
6317.2766419490945,83.402686384287
6326.012062072303,83.42827585120078
6334.759561382328,83.45390070278371
6343.519156582052,83.47956098796517
6352.290864397474,83.5052567557421
6361.0747015777015,83.53098805517921
6369.870684895008,83.55675493540906
6378.678831144861,83.58255744563218
6387.499157145946,83.60839563511702
6396.331679740222,83.63426955320034
6405.176415792921,83.67843802071336
6414.033382192601,83.73562472185812
6422.90259585117,83.7928904997773
6431.78407370392,83.85023546381682
6440.677832709578,83.907659723474
6449.583889850302,83.96516338839734
6458.502262131737,84.02274656838712
6467.432966583047,84.08040937339538
6476.376020256936,84.13815191352613
6485.331440229705,84.1959742990358
6494.299243601251,84.25387664033316
6503.279447495122,84.31825247844657
6512.272069058546,84.39384658356248
6521.27712546245,84.46954521889039
6530.294633901531,84.54534852897295
6539.324611594239,84.62125665855258
6548.36707578284,84.69726975257183
6557.422043733445,84.77338795617369
6566.48953273603,84.84961141470181
6575.569560104501,84.92594027370099
6584.662143176686,85.00237467891712
6593.767299314393,85.07891477629762
6602.885045903438,85.14906953662025
6612.015400353672,85.20527872250499
6621.158380099038,85.26156563347308
6630.314002597568,85.31793037700142
6639.482285331442,85.37437306071547
6648.663245807012,85.43089379238963
6657.85690155483,85.48749267994715
6667.063270129714,85.54416983146079
6676.282369110731,85.60092535515246
6685.514216101266,85.65775935939388
6694.758828729044,85.71467195270657
6704.016224646159,85.76204358248962
6713.286421529135,85.79690970453585
6722.569437078917,85.83182403884844
6731.865289020935,85.86678665209449
6741.173995105121,85.90179761103322
6750.495573105974,85.93685698251626
6759.830040822548,85.97196483348762
6769.177416078518,86.0071212309839
6778.537716722204,86.04232624213437
6787.910960626602,86.07757993416112
6797.297165689439,86.11288237437928
6806.696349833173,86.1346317700436
6816.108531005053,86.1509135571395
6825.5337271771405,86.16721785840707
6834.971956346345,86.18354470497849
6844.423236534482,86.19989412802902
6853.887585788267,86.21626615877699
6863.365022179374,86.23266082848397
6872.855563804472,86.24907816845469
6882.359228785241,86.2655182100372
6891.876035268443,86.28198098462293
6901.406001425911,86.29672745454293
6910.949145454616,86.30143197006525
6920.505485576687,86.30614299090969
6930.075040039444,86.31086052607172
6939.657827115463,86.3155845845592
6949.253865102563,86.32031517539251
6958.863172323875,86.3250523076044
6968.485767127863,86.32979599024026
6978.121667888358,86.33454623235782
6987.77089300462,86.33930304302747
6997.433460901329,86.34406643133207
7007.109390028649,86.34608734743078
7016.798698862257,86.3471172563644
7026.50140590337,86.34814858943815
7036.217529678812,86.34918134862131
7045.947088741001,86.35021553588592
7055.690101668018,86.35125115320663
7065.446587063632,86.35228820256096
7075.216563557333,86.35332668592905
7085.000049804389,86.35436660529388
7094.797064485845,86.3554079626411
7104.607626308585,86.35962842480156
7114.43175400536,86.36744790649472
7124.269466334816,86.37527820083098
7134.120782081562,86.38311932276189
7143.985720056158,86.39097128725963
7153.864299095186,86.39883410931715
7163.75653806127,86.40670780394807
7173.662455843112,86.41459238618681
7183.582071355556,86.42248787108855
7193.515403539578,86.43039427372933
7203.462471362352,86.44160294792124
7213.423293817279,86.45899974015659
7223.397889924019,86.47642058837324
7233.386278728553,86.49386552583547
7243.388479303175,86.51133458585339
7253.40451074656,86.52882780178327
7263.434392183793,86.5463452070275
7273.478142766396,86.56388683503461
7283.535781672397,86.58145271929946
7293.607328106321,86.59904289336315
7303.692801299254,86.61963639823996
7313.792220508877,86.64542252151618
7323.905605019491,86.67124430139457
7334.032974142087,86.69710178718053
7344.174347214334,86.7229950282475
7354.3297436006505,86.74892407403725
7364.49918269223,86.77488897405999
7374.6826839070745,86.80088977789426
7384.880266690057,86.8269265351873
7395.091950512919,86.85299929565485
7405.317754874331,86.88024038317523
7415.557699299929,86.90856562251467
7425.811803342338,86.93693002950175
7436.080086581247,86.96533365829687
7446.362568623394,86.99377656313523
7456.659269102635,87.02225879832703
7466.970207679972,87.05078041825765
7477.295404043613,87.07934147738759
7487.63487790897,87.10794203025269
7497.988649018723,87.13658213146424
7508.356737142851,87.1563100385273
7518.739162078667,87.17390767199213
7529.135943650878,87.19152963915803
7539.547101711585,87.20917597367327
7549.972656140345,87.22684670923256
7560.412626844204,87.24454187957723
7570.86703375773,87.26226151849527
7581.335896843077,87.28000565982143
7591.81923608998,87.29777433743719
7602.317071515823,87.31556758527091
7612.82942316567,87.33338543729786
7623.356311112294,87.3421154668514
7633.897755456251,87.33136236922554
7644.453776325863,87.32059440240357
7655.024393877297,87.30981154582462
7665.609628294592,87.29901377889935
7676.209499789686,87.28820108101006
7686.824028602491,87.27737343151041
7697.453235000883,87.26653080972561
7708.097139280772,87.25567319495222
7718.755761766132,87.24480056645821
7729.429122809035,87.23391290348287
7740.117242789715,87.22301018523679
7750.820142116568,87.20942851883689
7761.537841226216,87.16368388130716
7772.27036058354,87.11787598888931
7783.017720681714,87.07200475411565
7793.779942042272,87.02607008939735
7804.557045215099,86.98007190702464
7815.349050778506,86.93401011916639
7826.155979339262,86.88788463787012
7836.977851532617,86.84169537506159
7847.814688022383,86.79544224254482
7858.666509500919,86.74912515200197
7869.53333668921,86.70274401499289
7880.415190336887,86.65561426340406
7891.3120912222685,86.59114022184008
7902.22406015243,86.52657702669421
7913.1511179631925,86.46192455468646
7924.093285519199,86.39718268236639
7935.050583713939,86.33235128611277
7946.023033469791,86.2674302421335
7957.010655738085,86.2024194264652
7968.013471499098,86.13731871497316
7979.031501762129,86.07212798335104
7990.064767565525,86.00684710712055
8001.113289976718,85.94117512903232
8012.177090092297,85.87272393554083
8023.256189037995,85.80417808893112
8034.3506079687695,85.73553745831845
8045.46036806883,85.66680191263715
8056.585490551667,85.59797132064041
8067.725996660135,85.5290455508997
8078.881907666435,85.46002447180496
8090.053244872191,85.39090795156405
8101.240029608482,85.32169585820266
8112.442283235877,85.25238805956396
8123.660027144506,85.1849017476883
8134.893282754051,85.12128674105072
8146.142071513823,85.05758376868984
8157.406414902791,84.99379270896817
8168.686334429616,84.92991344008011
8179.981851632729,84.86594584005145
8191.292988080315,84.80188978673952
8202.619765370393,84.73774515783259
8213.96220513085,84.67351183084992
8225.320329019467,84.6091896831414
8236.694158724,84.54477859188714
8248.08371596217,84.48027843409766
8259.489022481737,84.42319318807301
8270.910100060531,84.36754653534918
8282.346970506493,84.3118229354031
8293.799655657738,84.25602228183341
8305.268177382559,84.20014446809178
8316.752557579492,84.14418938748241
8328.252818177349,84.08815693316211
8339.76898113529,84.03204699813973
8351.301068442812,83.97585947527638
8362.849102119826,83.91959425728494
8374.413104216697,83.86325123672997
8385.993096814269,83.80951585753006
8397.589102023945,83.75821316560378
8409.201141987676,83.7068395332086
8420.829238878041,83.6553948622492
8432.47341489828,83.60387905449471
8444.133692282325,83.55229201157847
8455.810093294876,83.50063363499767
8467.502640231402,83.44890382611335
8479.211355418201,83.39710248615022
8490.93626121245,83.34522951619631
8502.67738000223,83.29384740539452
8514.434734206605,83.24430140855787
8526.208346275616,83.19468690037965
8537.998238690356,83.14500378612355
8549.804433963001,83.09525197092235
8561.626954636853,83.04543135977754
8573.46582328641,82.99554185755923
8585.321062517356,82.9455833690061
8597.192694966649,82.89555579872507
8609.080743302544,82.84545905119107
8620.985230224635,82.79501325894113
8632.90617846393,82.7413927267779
8644.843610782846,82.68769804907662
8656.797549975277,82.63392912331012
8668.768018866642,82.58008584680947
8680.755040313912,82.52616811676381
8692.75863720569,82.47217583022001
8704.778832462203,82.41810888408267
8716.815649035383,82.36396717511379
8728.869109908896,82.30975059993266
8740.939238098179,82.25545905501559
8753.026056650528,82.20284396561564
8765.129588645075,82.15540788371281
8777.249857192877,82.10790620802204
8789.38688543695,82.06033884784141
8801.540696552298,82.01270571234356
8813.711313746006,81.96500671057542
8825.89876025721,81.91724175145833
8838.103059357205,81.86941074378764
8850.324234349453,81.82249495885983
8862.562308569637,81.8115726543905
8874.81730538573,81.80063524674877
8887.089248197997,81.7896827150502
8899.378160439066,81.77871503838156
8911.684065573965,81.76773219580063
8924.006987100165,81.75673416633624
8936.346948547653,81.74572092898826
8948.703973478927,81.73469246272747
8961.078085489075,81.72364874649558
8973.469308205811,81.71258975920522
8985.877665289514,81.70151547973984
8998.303180433306,81.69042588695366
9010.745877363044,81.68277333545159
9023.205779837404,81.67565610071487
9035.682911647913,81.66852902438993
9048.177296618986,81.66139209286796
9060.688958608014,81.65424529252135
9073.217921505346,81.64708860970369
9085.764209234376,81.63992203074967
9098.32784575158,81.6327455419751
9110.908855046551,81.6255591296768
9123.507261142084,81.61080118656241
9136.12308809416,81.57639538416942
9148.756359992038,81.54194200603202
9161.407100958282,81.50744098636339
9174.07533514881,81.47289225928562
9186.761086752964,81.43829575882968
9199.46437999351,81.40365141893544
9212.185239126718,81.3689591734513
9224.923688442388,81.33421895613435
9237.679752263937,81.29943070064985
9250.453454948387,81.26351913552149
9263.244820886453,81.19830448818057
9276.053874502571,81.13299966316107
9288.880640254947,81.06760453576688
9301.725142635634,81.00211898112933
9314.58740617052,80.9365428742073
9327.467455419424,80.87087608978663
9340.365314976118,80.80511850248008
9353.281009468377,80.73926998672707
9366.21456355806,80.67333041679318
9379.166001941096,80.60729966677032
9392.135349347574,80.54145320098904
9405.122630541782,80.47553464991559
9418.127870322238,80.40952494781773
9431.151093521781,80.34342396865337
9444.192325007562,80.27723158620617
9457.251589681124,80.21094767408529
9470.328912478446,80.14457210572509
9483.424318369976,80.07810475438494
9496.537832360724,80.01154549314887
9509.66947949024,79.95332788807725
9522.819284832716,79.89805364929192
9535.987273497012,79.84270297825184
9549.1734706267,79.78727576926782
9562.377901400145,79.73177191650446
9575.600591030505,79.67619131398013
9588.84156476581,79.62053385556656
9602.100847888998,79.56479943498879
9615.378465717968,79.50898794582491
9628.674443605645,79.4565388272146
9641.988806939993,79.4058522238098
9655.321581144086,79.35509553185256
9668.672791676154,79.3042686544256
9682.04246402962,79.25337149447773
9695.43062373319,79.20240395482345
9708.83729635084,79.15136593814293
9722.262507481903,79.10025734698182
9735.706282761113,79.0490780837509
9749.168647858643,78.99782805072613
9762.64962848019,78.96066776043286
9776.149250366963,78.9243880285212
9789.667539295782,78.88805812962802
9803.204521079108,78.8516779943834
9816.760221565082,78.8152475533213
9830.334666637622,78.77876673687976
9843.927882216403,78.74223547540059
9857.539894256959,78.7056536991292
9871.170728750707,78.6690213382147
9884.820411724997,78.63487738909544
9898.4889692432,78.60534331921549
9912.176427404698,78.57576841013805
9925.882812344971,78.5461526053914
9939.60815023564,78.51649584842572
9953.3524672845,78.48679808261299
9967.115789735624,78.4570592512469
9980.898143869343,78.42727929754267
9994.699556002333,78.39745816463711
10008.520052487676,78.37838216783759
10022.359659714828,78.36599942530856
10036.218404109875,78.35359956013878
10050.096312135318,78.34118254865137
10063.99341029027,78.32874836713675
10077.909725110527,78.31629699185247
10091.845283168583,78.30382839902327
10105.800111073608,78.29134256484109
10119.774235471632,78.27883946546483
10133.767683045531,78.2663190770205
10147.780480515035,78.25378137560105
10161.812654636802,78.24474523520658
10175.864232204613,78.23635869165099
10189.93524004917,78.22796055132905
10204.025705038302,78.21955079820493
10218.135654077034,78.21112941622066
10232.265114107586,78.20269638929602
10246.41411210938,78.19425170132864
10260.582675099202,78.1857953361938
10274.770830131196,78.17732727774451
10288.978604296857,78.16884750981147
10303.206024725203,78.16243658732193
10317.453118582762,78.16317909836346
10331.71991307359,78.16392263613636
10346.00643543936,78.16466720206033
10360.31271295945,78.16541279755707
10374.63877295097,78.16615942405029
10388.984642768732,78.16690708296564
10403.350349805442,78.1676557757307
10417.735921491678,78.16840550377509
10432.141385295892,78.16915626853034
10446.566768724579,78.17107787971486
10461.01209932227,78.17440402241552
10475.477404671543,78.17773476444837
10489.962712393111,78.1810701121733
10504.468050145933,78.18441007195896
10518.993445627206,78.18775465018287
10533.538926572364,78.1911038532313
10548.10452075526,78.19445768749937
10562.69025598815,78.19781615939105
10577.296160121681,78.20117927531919
10591.922261045083,78.20454704170545
10606.568586686146,78.19936943811975
10621.235165011234,78.18365571499085
10635.922024025385,78.16792026319929
10650.629191772407,78.15216305269902
10665.35669633488,78.13638405340247
10680.104565834157,78.1205832351805
10694.872828430538,78.10476056786229
10709.661512323266,78.08891602123522
10724.47064575051,78.07304956504507
10739.30025698955,78.05716116899559
10754.150374356774,78.03444631471761
10769.021026207673,77.99413369593627
10783.912240936952,77.95376533356777
10798.824046978623,77.91334115053084
10813.756472806017,77.87286106963752
10828.709546931772,77.8323250135934
10843.683297908014,77.79173290499692
10858.677754326356,77.75108466633954
10873.69294481788,77.71038022000569
10888.72889805332,77.66961948827235
10903.78564274306,77.62514385378388
10918.86320763714,77.5696989830467
10933.961621525354,77.51417744410796
10949.080913237347,77.45857913095209
10964.221111642635,77.40290393741697
10979.382245650586,77.34715175719388
10994.564344210607,77.29132248382696
11009.767436312137,77.235416010713
11024.991550984636,77.17943223110174
11040.236717297774,77.12337103809502
11055.50296436141,77.06723232464684
11070.790321325621,77.01633193652371
11086.098817380785,76.96757973456164
11101.428481757694,76.91876011890369
11116.779343727554,76.86987299633137
11132.151432601982,76.82091827349744
11147.544777733197,76.77189585692531
11162.959408514003,76.72280565300922
11178.395354377779,76.67364756801415
11193.852644798675,76.62442150807523
11209.331309291592,76.59548103838712
11224.831377412207,76.57992783947746
11240.352878757056,76.56435313387522
11255.895842963653,76.54875689184131
11271.460299710494,76.53313908359551
11287.04627871704,76.51749967931647
11302.653809743922,76.50183864914158
11318.282922592922,76.48615596316687
11333.93364710696,76.47045159144712
11349.606013170294,76.45472550399569
11365.300050708505,76.43897767078437
11381.015789688508,76.42476127895065
11396.75326011863,76.43303361470946
11412.512492048838,76.4413173893101
11428.293515570507,76.44961261857
11444.096360816648,76.45791931832844
11459.921057961983,76.46623750444665
11475.767637222962,76.47456719280778
11491.636128857746,76.48290839931688
11507.52656316641,76.49469875222782
11523.43897049092,76.51033072748295
11539.373381215162,76.52598431836122
11555.329825765002,76.5416595547523
11571.308334608526,76.55735646658732
11587.30893825581,76.57307508383866
11603.331667259137,76.58881543652016
11619.37655221309,76.60457755468724
11635.443623754554,76.62036146843683
11651.532912562709,76.63616720790746
11667.644449359228,76.65199480327936
11683.778264908267,76.66784428477452
11699.934390016471,76.68371568265665
11716.112855533062,76.69960902723136
11732.313692350066,76.70752158457019
11748.536931402077,76.71291530457876
11764.782603666494,76.71831648292941
11781.050740163593,76.72372512993543
11797.34137195655,76.72914125592436
11813.654530151422,76.71764606591334
11829.990245897345,76.70283622120581
11846.348550386534,76.68800589770294
11862.729474854288,76.673155067087
11879.133050579067,76.65828370100114
11895.559308882734,76.64339177104922
11912.008281130316,76.6284792487959
11928.479998730232,76.61354610576655
11944.974493134387,76.59859231344709
11961.491795838172,76.58361784328399
11978.031938380456,76.56862266668436
11994.594952343796,76.55360675501568
12011.18086935442,76.53857007960583
12027.789721082238,76.52351261174307
12044.421539240926,76.50843432267607
12061.076355588166,76.49462198603833
12077.754201925403,76.49944063279129
12094.45511009808,76.5042659426851
12111.179111995727,76.50909792493336
12127.926239551969,76.51393658876256
12144.696524744515,76.51878194341182
12161.489999595366,76.52363399813309
12178.306696170801,76.52849276219116
12195.146646581394,76.53335824486354
12212.00988298209,76.5459257736639
12228.896437572455,76.56162476119965
12245.806342596423,76.57734545702198
12262.739630342541,76.59308789114867
12279.696333144057,76.60885209363911
12296.676483378924,76.62463809459426
12313.680113469798,76.64044592415657
12330.707255884237,76.65627561251031
12347.757943134699,76.67212718988144
12364.832207778549,76.6880006865377
12381.930082418145,76.70389613278866
12399.051599701077,76.7198135589859
12416.196792319932,76.74378938761116
12433.365693012527,76.78201658088842
12450.558334561998,76.82029663406284
12467.774749796814,76.85862962022816
12485.014971590761,76.89701561257912
12502.279032863162,76.93797131320365
12519.566966578857,76.99555378994454
12536.87880574822,77.05321589073145
12554.214583427243,77.11095772566698
12571.574332717784,77.16877940500639
12588.958086767321,77.22668103915707
12606.365878769186,77.28466273867896
12623.797741962671,77.34272461428519
12641.253709633023,77.40086677684191
12658.733815111444,77.46055928697284
12676.2380917753,77.52180842365054
12693.76657304811,77.58314225456787
12711.319292399532,77.64456089683836
12728.89628334559,77.70606446773773
12746.497579448644,77.76765308470395
12764.123214317418,77.82932686533712
12781.773221607107,77.89108592740001
12799.447635019495,77.95293038881833
12817.146488302971,77.93813573853782
12834.86981525251,77.92084556969893
12852.617649709899,77.90353149231568
12870.390025563718,77.88619347332774
12888.18697674933,77.8688314796291
12906.008537249101,77.85144547806794
12923.85474109239,77.83403543544658
12941.725622355556,77.81660131852149
12959.62121516208,77.79914309400317
12977.54155368268,77.78166072855599
12995.486672135325,77.76415418879833
13013.45660478522,77.7466234413024
13031.45138594503,77.72906845259415
13049.471049974873,77.7114891891532
13067.51563128229,77.69388561741293
13085.585164322485,77.67625770376021
13103.679683598311,77.6586054145355
13121.79922366027,77.64092871603265
13139.943819106642,77.62322757449901
13158.113504583604,77.5879960693304
13176.30831478524,77.53098839325348
13194.528284453525,77.47390188795497
13212.773448378564,77.39643286727619
13231.04384139856,77.31014732783662
13249.339498399813,77.22374247425596
13267.660454316941,77.13721814154852
13286.006744132876,77.05057416450052
13304.378402878861,76.96381037767001
13322.775465634584,76.87692661538621
13341.197967528296,76.78992271174904
13359.645943736821,76.70279850062897
13378.119429485541,76.61555381566721
13396.618460048636,76.52818849027447
13415.143070749053,76.43993416227126
13433.693296958507,76.35138601781034
13452.269174097706,76.26271543051739
13470.870737636336,76.17392223108038
13489.498023093076,76.08500624995357
13508.151066035718,75.99596731735669
13526.829902081292,75.90680526327445
13545.53456689608,75.81751991745648
13564.2650961956,75.72811110941736
13583.021525744836,75.63857866843558
13601.803891358233,75.55699729819007
13620.61222889967,75.55141004641916
13639.446574282709,75.54581506869381
13658.306963470564,75.5402123543307
13677.19343247613,75.53460189263173
13696.106017362094,75.52898367288405
13715.04475424107,75.52335768435994
13734.009679275607,75.51772391631687
13753.000828678172,75.51208235799747
13772.018238711396,75.50643299862948
13791.061945688049,75.50077582742573
13810.131985971027,75.5378099185254
13829.2283959736,75.61261482137036
13848.351212159381,75.68752316313235
13867.500471042356,75.76253508684478
13886.676209186995,75.83765073573885
13905.878463208388,75.91287025324404
13925.10726977226,75.98819378298819
13944.362665594943,76.06362146879738
13963.64468744363,76.13915345469691
13982.953372136357,76.21478988491123
14002.28875654198,76.29227112175465
14021.65087758043,76.38283854009886
14041.039772222683,76.47353119349202
14060.455477490783,76.56434925510688
14079.89803045794,76.65529289835541
14099.3674682488,76.74636229689031
14118.863828039171,76.83755762460349
14138.387147056297,76.9288790556275
14157.937462578955,77.02032676433593
14177.514811937472,77.11190092534353
14197.119232513707,77.20360171350605
14216.750761741298,77.29542930392142
14236.409437105645,77.38738387192977
14256.095296143923,77.47946559311333
14275.808376445188,77.57167464329703
14295.54871565064,77.66401119854977
14315.316351453364,77.72881169213291
14335.111321598586,77.78565095291208
14354.93366388379,77.84256881003121
14374.783416158723,77.89956537217199
14394.660616325382,77.95664074816621
14414.565302338266,78.01379504699635
14434.49751220435,78.07102837779566
14454.457283983113,78.12834084984804
14474.444655786627,78.1857325725885
14494.459665779843,78.24320365560386
14514.50235218031,78.29828527260439
14534.572753258453,78.35249854351876
14554.670907337675,78.4067867796
14574.796852794372,78.46115008450874
14594.950628057917,78.51558856204868
14615.132271610912,78.57010231616728
14635.341821989174,78.62469145095578
14655.579317781741,78.67935607064918
14675.84479763099,78.73409627962654
14696.138300232904,78.78891218241172
14716.4598643368,78.84380388367263
14736.809528745602,78.898771488222
14757.187332315953,78.94361792954777
14777.593313958225,78.9697862611181
14798.027512636505,78.99599077780154
14818.48996736885,79.02223152963428
14838.98071722727,79.04850856672174
14859.499801337743,79.07482193923843
14880.047258880315,79.10117169742831
14900.623129089397,79.12755789160502
14921.227451253471,79.1539805721515
14941.860264715371,79.18043978952043
14962.521608872401,79.20693559423438
14983.211523176336,79.23346803688565
15003.93004713342,79.26297836301056
15024.677220304613,79.30511114136577
15045.45308230558,79.3473021801932
15066.257672806703,79.38955156005436
15087.091031533191,79.43185936162206
15107.95319826537,79.4742256656811
15128.844212838383,79.51665055312758
15149.764115142494,79.55913410496949
15170.712945123187,79.60167640232704
15191.690742781175,79.64427752643256
15212.6975481724,79.6869375586305
15233.73340140828,79.72965658037803
15254.7983426557,79.77441265245227
15275.892412137026,79.825945323568
15297.015650130206,79.87754925316376
15318.16809696908,79.92922453977482
15339.349793043066,79.98097128207225
15360.560778797466,80.03278957886369
15381.801094733572,80.08467952909349
15403.07078140868,80.13664123184286
15424.369879436072,80.1886747863298
15445.698429485285,80.24078029190969
15467.056472282095,80.29295784807535
15488.444048608528,80.34520755445698
15509.861199302972,80.40597171641645
15531.307965260472,80.47672667049761
15552.784387432435,80.54757946329705
15574.29050682693,80.61853023010437
15595.826364508786,80.68957910639641
15617.392001599625,80.76072622783732
15638.987459277827,80.83197173027861
15660.612778778815,80.90331574975993
15682.268001395032,80.97475842250903
15703.953168475917,81.04629988494169
15725.668321428187,81.11794027366267
15747.413501715815,81.18967972546567
15769.188750860048,81.28895339153536
15790.994110439542,81.39206747720307
15812.829622090516,81.49532414723268
15834.69532750676,81.59872359878752
15856.591268439624,81.70226602930308
15878.517486698285,81.8059516364883
15900.474024149737,81.9097806183256
15922.460922718763,82.01375317307064
15944.478224388222,82.11786949925363
15966.525971199024,82.22212979567942
15988.604205250147,82.32653426142737
16010.712968698785,82.44736048048082
16032.852303760488,82.58569259553967
16055.022252709186,82.72421599383834
16077.22285787716,82.86293093987955
16099.45416165533,83.00183769853236
16121.716206493233,83.14093653503215
16144.009034899003,83.2802277149804
16166.332689439658,83.41971150434647
16188.68721274107,83.55938816946754
16211.072647487994,83.69925797704863
16233.489036424204,83.83932119416356
16255.936422352645,83.9828827441902
16278.414848135455,84.1358467532531
16300.924356693935,84.28902227828361
16323.46499100884,84.4424096117625
16346.036794120355,84.59600904657506
16368.639809128086,84.74982087601087
16391.27407919133,84.90384539376578
16413.93964752907,85.05808289394164
16436.63655741998,85.21253367104669
16459.36485220258,85.36719801999625
16482.124575275386,85.52207623611405
16504.91577009692,85.66548417043839
16527.738480185708,85.76654300899042
16550.59274912054,85.86774158994443
16573.478620540474,85.96908010653391
16596.39613814481,86.07055875225915
16619.345345693375,86.17217772088843
16642.326287006505,86.27393720645794
16665.33900596506,86.37583740327193
16688.383546510584,86.47787850590329
16711.459952645448,86.5800607091943
16734.568268432868,86.68238420825664
16757.708537996885,86.7413579097393
16780.880805522662,86.71322750302738
16804.085115256454,86.68505819807895
16827.3215115056,86.65684994110624
16850.590038638813,86.62860267824703
16873.89074108615,86.60031635556464
16897.223663339046,86.57199091904785
16920.588849950444,86.54362631461079
16943.98634553498,86.5152224880927
16967.416194768968,86.48677938525792
16990.878442390407,86.4582969517959
17014.373133199253,86.35297141451856
17037.900312057416,86.19869123334081
17061.46002388874,86.04419771621555
17085.05231367928,85.88949056814539
17108.677226477314,85.73456949372489
17132.33480739333,85.57943419714069
17156.025101600197,85.42408438217034
17179.74815433332,85.26851975218129
17203.50401089065,85.1127400101309
17227.29271663268,84.95674485856637
17251.114316982723,84.79878765839095
17274.968857426906,84.60497630787448
17298.856383514143,84.4108969583981
17322.776940856445,84.21654923937722
17346.730575128895,84.02193277971479
17370.717332069653,83.82704720780127
17394.737257480105,83.63189215151344
17418.79039722517,83.4364672382119
17442.87679723298,83.24077209474365
17466.996503495215,83.04480634743939
17491.149562067218,82.84856962211252
17515.336019068014,82.6511726070499
17539.555920680305,82.45298891867164
17563.809313150745,82.25453118534054
17588.09624278995,82.05579902811171
17612.416755972496,81.85679206751682
17636.77089913705,81.65750992356318
17661.158718786708,81.45795221573087
17685.580261488656,81.25811856297553
17710.03557387451,81.05800858372558
17734.524702640436,80.8576218958813
17759.047694547167,80.64209750169732
17783.604596419995,80.40082214266265
17808.195455149067,80.15921315226338
17832.82031768937,79.91727006915949
17857.47923106074,79.67499243137382
17882.17224234801,79.43237977629065
17906.899398701324,79.1894316406525
17931.660747335813,78.9461475605634
17956.456335531926,78.7025270714856
17981.28621063558,78.4585697082382
18006.15042005814,78.19638527407375
18031.049011276435,77.8793302154962
18055.982031833053,77.56183673870518
18080.949529336314,77.24390423746327
18105.95155146031,76.9255321046955
18130.988145945004,76.6067197324881
18156.05936059661,76.28746651208361
18181.16524328721,75.96777183388586
18206.30584195513,75.64763508745517
18231.481204605057,75.3270556615068
18256.69137930806,74.9944984647043
18281.936414201562,74.6295149057467
18307.216357489662,74.26402665388011
18332.531257443123,73.89803301122338
18357.88116239937,73.53153327893146
18383.26612076264,73.16452675719353
18408.686181004326,72.79701274522778
18434.141391662615,72.42899054128662
18459.631801342854,72.06045944265163
18485.157458717673,71.6914187456316
18510.718412527014,71.30477461434945
18536.314711578092,70.89389304419531
18561.94640474573,70.4824433141616
18587.613540972336,70.0704246386061
18613.316169267913,69.65783623080148
18639.054338710204,69.24467730293308
18664.82809844504,68.8309470660933
18690.637497685977,68.41664473028726
18716.482585714664,68.00176950442714
18742.363411880982,67.58632059632981
18768.28002560304,67.09958516245082
18794.232476367164,66.5825954568348
18820.220813728236,66.06489086685743
18846.245087309657,65.54647040398815
18872.305346803365,65.02733307833132
18898.401641969976,64.50747789862304
18924.534022639145,63.98690387222416
18950.7025387092,63.46561000512755
18976.907240147506,62.94359530195077
19003.1481769906,62.4303455538356
19029.425399344203,61.98607056429651
19055.73895738321,61.541181239039766
19082.08890135202,61.095676728571874
19108.475281564493,60.64955618222493
19134.898148403998,60.20281874815578
19161.35755232353,59.755463573344144
19187.85354384608,59.30748980358635
19214.38617356427,58.85889658350129
19240.955492140725,58.40968305652456
19267.561550308194,57.98483361571428
19294.204398869584,57.57228233835593
19320.88408869793,57.159160592276606
19347.600670736738,56.74546758864142
19374.35419599995,56.3312025375248
19401.144715571932,55.916364647910704
19427.97228060782,55.500953127687275
19454.836942333466,55.08496718364764
19481.73875204549,54.6684060214891
19508.67776111144,54.24251279972367
19535.654020969978,53.797579192332485
19562.667583130886,53.35203033849702
19589.718499175062,52.90586538746647
19616.806820754846,52.45908348731171
19643.932599593994,52.01168378492567
19671.09588748768,51.56366542602337
19698.29673630281,51.11502755513677
19725.53519797801,50.66576931561482
