X,Y
20.000000000000004,91.10240123157854
20.138772629520556,91.117255049154
20.27850815117631,91.13295697606297
20.419213246120933,91.14964813866544
20.560894641866188,91.16451919505181
20.70355911260353,91.17663474843854
20.847213479528037,91.1836832744838
20.991864611164555,91.18389238508274
21.137519423696084,91.18192895303028
21.284184881294486,91.1810229071755
21.431867996453427,91.18250722130256
21.580575830323685,91.18567823388145
21.73031549305077,91.18953013723721
21.88109414411485,91.19402052634952
22.03291899267313,91.19624999999999
22.185797297904458,91.19624999999999
22.339736369356466,91.1972763852244
22.494743567295043,91.1999936611166
22.650826303056235,91.20541202145694
22.807992039400652,91.21382125417469
22.966248290870226,91.22169956185937
23.125602624147522,91.22770416645876
23.28606265841754,91.23192490275044
23.447636065731974,91.23466646507617
23.610330571376103,91.23794075374167
23.77415395423807,91.24184505751685
23.939114047180873,91.24667520235994
24.105218737416855,91.25296129258379
24.272475966884812,91.25922759749173
24.440893732629764,91.2648348203979
24.610480087185234,91.27002697155831
24.781243138958327,91.27454106911843
24.9531910526174,91.27888197691533
25.12633204948242,91.28348789927131
25.300674407918066,91.28828489134138
25.476226463729574,91.29333547599234
25.652996610561214,91.29868172290266
25.830993300297685,91.30484823981185
26.01022504346819,91.31170512229953
26.190700409653346,91.31913048460825
26.372428027894973,91.32685061344925
26.5554165871086,91.33363745170351
26.739674836498935,91.33962824387633
26.92521158597821,91.3446690231446
27.112035706587367,91.34876194756089
27.30015613092028,91.35264736958813
27.48958185355075,91.35617292845026
27.680321931462636,91.35906464241714
27.87238548448286,91.36142565652479
28.06578169571745,91.36330520603083
28.260519811990676,91.36486851582511
28.456609144287057,91.36671227621929
28.654059068196624,91.36891489403223
28.852879024363165,91.37094386327928
29.053078518935628,91.37198080923221
29.254667124022603,91.37228424120163
29.457654478150054,91.37100978827812
29.662050286722092,91.36773076851713
29.867864322485055,91.36403203987018
30.075106425994772,91.36035968684429
30.283786506087043,91.35696903507913
30.49391454035148,91.35414029662712
30.705500575608458,91.35047939402851
30.91855472838956,91.34550359764569
31.133087185421246,91.33941432492009
31.349108204111904,91.33280236758102
31.566628113042352,91.32756521710137
31.785657312459563,91.32337863042085
32.00620627477402,91.32271557387396
32.2282855450604,91.32550119554139
32.451905741561745,91.32750929660811
32.677077556197226,91.32851655629473
32.90381175507326,91.32875137262387
33.132119178998295,91.3280146751925
33.36201074400119,91.32725859366323
33.59349744185307,91.32748515361928
33.826590340592965,91.32830380911989
34.06130058505689,91.32912814496932
34.297639397410805,91.32979791923182
34.535618077687126,91.32939511827448
34.775248004325015,91.32808498671868
35.01654063471449,91.32694790371909
35.25950750574412,91.32599242563299
35.50416023435271,91.3262003445692
35.75051051808472,91.32755997179777
35.99857013564954,91.32861859429426
36.24835094748474,91.32937232376571
36.499864896323054,91.32842089630373
36.75312400776343,91.32569841426908
37.008140390846044,91.32122320044627
37.264926238631205,91.31504399397848
37.523493828782414,91.30887767351516
37.78385552415333,91.3027192936801
38.0460237733789,91.29753970372832
38.310011111470565,91.29478540182029
38.57583016041556,91.29221855374749
38.84349362978051,91.28732625443217
39.113014317318985,91.28132551020218
39.384405109583454,91.27407590149589
39.657678982541434,91.26467760028618
39.93284900219587,91.25550376275606
40.209928325209965,91.24782745128755
40.488930199536085,91.24019512240386
40.769867965049265,91.23204035472205
41.05275505418505,91.22358526769554
41.337604992581646,91.21495236512486
41.62443139972677,91.20624159007542
41.913247989608664,91.19758261085317
42.20406857137191,91.18893196213791
42.496907049977665,91.18053388887972
42.791777426868435,91.17239348026672
43.08869380063767,91.16581810695838
43.38767036770369,91.16087931980402
43.68872142298855,91.15729928916335
43.991861360601504,91.1550751329815
44.29710467452719,91.15353229632277
44.60446595931875,91.1529506565563
44.913959910795484,91.15284225048836
45.225601326745576,91.15302991296004
45.539405107633605,91.1539869770024
45.85538625731298,91.15557236167784
46.17355988374338,91.15667884828672
46.493941199712964,91.15705880285874
46.81654552356587,91.15347322796315
47.14138827993456,91.14613891932548
47.46848500047733,91.13721127846689
47.797851324621014,91.12651491499771
48.12950300030849,91.11569290161293
48.463455884751994,91.1043087217831
48.799725945191014,91.09073990097767
49.13832925965581,91.07514417655801
49.47928201773629,91.05759373579178
49.822600521355774,91.03956275851573
50.1683011855508,91.02359308538222
50.5164005392557,91.00879221107391
50.866915226093,90.99469905297545
51.2198620051692,90.98160815302552
51.57525775187602,90.97053216788576
51.933119458697426,90.96137121766984
52.29346423602185,90.95342408146183
52.65630931296043,90.94636955956037
53.021672038170784,90.93926608893119
53.38956988068642,90.9321133299371
53.76002043075213,90.92528264780321
54.13304140066484,90.91884128859661
54.50865062562059,90.91327802421772
54.886866064567315,90.90829062058205
55.26770580106341,90.90189215201394
55.65118804414249,90.8942636467792
56.03733112918391,90.8860357977103
56.42615351878945,90.87725694262238
56.81767380366609,90.86778144218367
57.211910703514846,90.85705368875696
57.60888306792594,90.8456501425018
58.00860987727984,90.8318031325662
58.41111024365494,90.81554628768515
58.816403411741284,90.79875568862397
59.224508759760695,90.7810809996766
59.63544580039345,90.76308935747983
60.04923418171099,90.74626085153716
60.465893688115564,90.73067820326133
60.885444241286066,90.71610804145995
61.307905901130546,90.70199713985932
61.733298866745464,90.68717872044672
62.16164347738128,90.6729109097578
62.59296021341505,90.6596692030038
63.027269697329594,90.64809358249167
63.46459269469953,90.63800025768634
63.90495011518425,90.62774980826643
64.34836301352743,90.61731721665193
64.79485259056395,90.6078577356284
65.2444401942334,90.6003057920781
65.69714732060088,90.59331832907289
66.15299561488483,90.58542372699176
66.61200687249178,90.57659647076866
67.07420304005862,90.5657903011935
67.53960621650184,90.5532707992303
68.00823865407413,90.53913099150051
68.48012275942848,90.5233864109253
68.9552810946893,90.50590607308821
69.43373637853124,90.48650907473439
69.91551148726552,90.46620768409842
70.40062945593358,90.44503687328938
70.88911347940872,90.42311532026314
71.3809869135046,90.40042585811557
71.87627327609256,90.37898625177408
72.37499624822561,90.35945865745357
72.8771796752709,90.34327655102929
73.38284756804988,90.3309076936896
73.89202410398606,90.32022094276874
74.40473362826137,90.31048695788002
74.92100065497986,90.30126106387812
75.44084986833995,90.29239396667612
75.96430612381474,90.2825703383952
76.49139444933999,90.27093734355864
77.02214004651142,90.25803955963323
77.55656829178916,90.2412260366147
78.09470473771121,90.22087210885685
78.63657511411542,90.19882115469403
79.18220532936918,90.17439153137309
79.73162147160883,90.14986433042111
80.28484980998645,90.12661249609864
80.84191679592612,90.10400550032602
81.40284906438879,90.08152611446819
81.96767343514524,90.05930741153153
82.53641691405909,90.0406223486049
83.10910669437752,90.0252608358899
83.68577015803162,90.01223699387072
84.2664348769458,90.00216981455772
84.85112861435556,89.99185659965164
85.43987932613558,89.98042741394501
86.03271516213591,89.96674959877545
86.62966446752799,89.95032663371724
87.23075578416012,89.93180911093289
87.83601785192172,89.9109330456833
88.445479610118,89.88709900029224
89.05917019885312,89.86110385536537
89.67711896042374,89.83459398839054
90.29935544072205,89.80757489687929
90.925909390648,89.78172290405769
91.55681076753238,89.75839419065318
92.19208973656869,89.73764551375405
92.83177667225556,89.71977683814288
93.47590215984928,89.7039131826859
94.12449699682564,89.68927969750223
94.77759219435308,89.67657677045557
95.43521897877493,89.66584561384872
96.09740879310259,89.65341165846809
96.76419329851916,89.63813696715717
97.43560437589264,89.61803654504234
98.11167412730097,89.59304803854788
98.79243487756642,89.56580676366286
99.47791917580126,89.53680054590768
100.16815979696426,89.50784949703689
100.86318974342718,89.47914734815302
101.56304224655342,89.45294575149896
102.26775076828653,89.42902039553996
102.97734900274986,89.40829367623812
103.69187087785828,89.3909131450855
104.41135055693952,89.37444457417848
105.1358224403684,89.35876893394195
105.86532116721123,89.34280332006057
106.59988161688177,89.32650475581809
107.33953891080954,89.30708180104362
108.08432841411832,89.28373240455178
108.83428573731777,89.2570019459985
109.58944673800576,89.22700954364535
110.34984752258259,89.19551466536115
111.11552444797758,89.16288485720666
111.88651412338757,89.13421920918111
112.66285341202705,89.110620306308
113.44457943289089,89.09040517514657
114.23172956252871,89.0751051043037
115.02434143683229,89.06144619883699
115.82245295283518,89.0471577446431
116.62610227052438,89.03185424407314
117.43532781466513,89.0117340397976
118.25016827663764,88.98416689403678
119.07066261628742,88.95289574950492
119.8968500637882,88.92131211375388
120.72877012151729,88.88888866409395
121.56646256594462,88.85850919242876
122.40996744953408,88.83368828399921
123.25932510265886,88.81171494563748
124.11457613553003,88.79222026230603
124.97576144013777,88.77548125777486
125.8429221922069,88.75845306589935
126.7160998531651,88.73934062670284
127.59533617212567,88.71584301918955
128.48067318788384,88.68707553767082
129.37215323092656,88.6557654872633
130.26981892545606,88.62423818795452
131.17371319142873,88.59230667950916
132.08387924660613,88.5635917019906
133.00036060862237,88.5383010265468
133.92320109706446,88.51677742579082
134.85244483556687,88.49940469755842
135.78813625392226,88.48140183075273
136.7303200902048,88.46215345970538
137.67904139290994,88.43863283109953
138.63434552310815,88.40908412326458
139.5962781566132,88.37755093944814
140.56488528616708,88.3461429989673
141.5402132236378,88.31466110730054
142.52230860223492,88.28552751666592
143.5112183787386,88.26117357162727
144.5069898357443,88.24006592262836
145.50967058392467,88.22078628975112
146.51930856430462,88.2021925345874
147.53595205055464,88.17906893719517
148.5596496512984,88.15153866048595
149.59045031243645,88.12196357153974
150.62840331948755,88.0891129275223
151.67355829994383,88.05577814256561
152.72596522564484,88.02670916034619
153.78567441516628,88.00097522748817
154.85273653622542,87.97909606769886
155.92720260810475,87.96174346875549
157.0091240040902,87.94147383084027
158.09855245392842,87.91477975124691
159.19554004629973,87.88490826013664
160.30013923130812,87.85427441123983
161.41240282299017,87.82319461966213
162.53238400183892,87.79787507322308
163.66013631734782,87.77818410493111
164.7957136905704,87.75882609347511
165.93917041669815,87.73990620100828
167.09056116765746,87.71852057403564
168.24994099472238,87.69320934256879
169.41736533114806,87.6644556840345
170.59288999482052,87.63166892056954
171.776571190925,87.59852812938388
172.96846551463454,87.5697056593939
174.1686299538145,87.54494093635577
175.37712189174854,87.52480070903866
176.59399910988185,87.50685350828049
177.8193197905832,87.48502537689488
179.05314251992803,87.45914031199185
180.29552629049837,87.4283296162331
181.5465305042045,87.39472324330067
182.80621497512467,87.36518910896211
184.07463993236445,87.33954122321876
185.35186602293768,87.3167319462823
186.6379543146648,87.2934428845245
187.93296629909383,87.26244646681957
189.23696389444007,87.22559540880624
190.55000944854584,87.1870384809034
191.87216574186297,87.150675288257
193.20349599045295,87.12033751164549
194.54406384901077,87.09481657490707
195.89393341390794,87.07223053401069
197.25316922625643,87.04751474832256
198.62183627499604,87.01892744367129
200.00000000000003,86.98927412039757
201.38772629520545,86.95921844908312
202.78508151176308,86.93258030211118
204.19213246120933,86.91004163868101
205.608946418662,86.88860892885211
207.03559112603529,86.8678612975639
208.47213479528025,86.84379275750301
209.91864611164556,86.81417948620891
211.37519423696082,86.78475735661868
212.84184881294496,86.75969646293392
214.31867996453425,86.73822643038841
215.80575830323676,86.71817448921078
217.3031549305077,86.69506909419881
218.81094144114851,86.66708749823347
220.3291899267314,86.63972930139057
221.85797297904458,86.61480038953505
223.39736369356456,86.5924223827068
224.9474356729504,86.57435758180657
226.50826303056232,86.55503224930366
228.07992039400665,86.53137264052022
229.66248290870226,86.50235572164988
231.2560262414751,86.46821681891784
232.86062658417538,86.4367916171238
234.47636065731973,86.40950541098276
236.10330571376113,86.3820688153228
237.74153954238068,86.35412221987939
239.3911404718086,86.32580634874682
241.05218737416854,86.29701645896053
242.72475966884815,86.27436757902379
244.40893732629777,86.25927188425132
246.10480087185235,86.24341776870646
247.81243138958317,86.2234011251274
249.531910526174,86.19869276870764
251.2633204948243,86.17048820919271
253.0067440791808,86.14282818512368
254.76226463729574,86.11877644006755
256.529966105612,86.09604608438079
258.30993300297683,86.0692979637096
260.102250434682,86.03917249330107
261.90700409653357,86.01322053906432
263.7242802789497,85.991789879981
265.55416587108584,85.97071667528232
267.3967483649894,85.9494062067931
269.25211585978224,85.92588695471326
271.1203570658738,85.90090188582994
273.00156130920277,85.87664778973027
274.8958185355074,85.85257452176029
276.80321931462635,85.82815468116598
278.72385484482874,85.80382707570084
280.65781695717465,85.78041136179908
282.6051981199068,85.75754795605775
284.5660914428704,85.73552729351299
286.54059068196625,85.71463921918689
288.5287902436318,85.69330634404017
290.53078518935627,85.66961202449363
292.54667124022603,85.64412373906313
294.5765447815004,85.62117294211566
296.6205028672209,85.60149144932416
298.6786432248507,85.58140183104163
300.7510642599477,85.55844073215764
302.83786506087046,85.53578490517182
304.93914540351466,85.5177617211873
307.0550057560846,85.49555624969764
309.18554728389574,85.46713955846458
311.33087185421243,85.44230204446411
313.49108204111906,85.42125990410024
315.66628113042333,85.40259893976182
317.8565731245956,85.38553890932693
320.0620627477404,85.36741685174712
322.282855450604,85.34825177467525
324.51905741561745,85.32851102430587
326.77077556197213,85.3080695363372
329.0381175507325,85.28792664901049
331.32119178998306,85.26861714067627
333.62010744001185,85.2495852873335
335.93497441853066,85.2304213789741
338.26590340592946,85.21132372621838
340.6130058505689,85.19286028066622
342.97639397410825,85.17475607527147
345.3561807768712,85.15598764019902
347.75248004325016,85.13658915569187
350.1654063471447,85.1164489419954
352.5950750574412,85.0956084044038
355.04160234352725,85.07493116377384
357.5051051808471,85.05441315287003
359.9857013564953,85.0340011259974
362.4835094748472,85.01369725832578
364.9986489632305,84.99603831346988
367.53124007763455,84.98100199828679
370.08140390846046,84.96457920128303
372.649262386312,84.94690103457717
375.234938287824,84.9302246355989
377.8385552415333,84.91445542834234
380.4602377337892,84.89804639365191
383.1001111147056,84.88024555548398
385.7583016041556,84.86323281243747
388.43493629780494,84.84920684498985
391.1301431731899,84.83652923218197
393.84405109583474,84.82261062653099
396.5767898254143,84.80659126446933
399.3284900219587,84.79107909545874
402.09928325209944,84.77740211003729
404.8893019953608,84.76343114956278
407.69867965049286,84.74824815384204
410.5275505418505,84.73137039876599
413.37604992581646,84.71199327169388
416.2443139972675,84.69354817370291
419.13247989608664,84.68087073975602
422.04068571371937,84.67169895452166
424.96907049977665,84.66127384192691
427.91777426868435,84.64957400695562
430.8869380063765,84.63610221535664
433.8767036770369,84.6207924603635
436.8872142298857,84.6063263691226
439.918613606015,84.5928157520793
442.9710467452719,84.57802779138677
446.0446595931873,84.56129427240305
449.13959910795484,84.54723706026118
452.25601326745596,84.53781054565415
455.39405107633604,84.5296741110221
458.55386257312983,84.52152069247214
461.73559883743354,84.51163978460718
464.93941199712964,84.49991483917071
468.16545523565895,84.48887532594499
471.41388279934563,84.47863056273638
474.6848500047733,84.46996353472404
477.9785132462096,84.4630608577641
481.2950300030849,84.45475226459084
484.6345588475202,84.44414703616714
487.9972594519101,84.43206538362254
491.3832925965581,84.41948078885927
494.7928201773624,84.408012644189
498.22600521355776,84.39859116443625
501.6830118555083,84.39157981384145
505.164005392557,84.3854882194131
508.6691522609297,84.37774143559807
512.1986200516914,84.36891639112181
515.7525775187603,84.36137013611798
519.3311945869746,84.35489191472399
522.9346423602185,84.34861128568045
526.5630931296041,84.34261602761225
530.2167203817073,84.33910743450178
533.8956988068643,84.33795376513838
537.6002043075216,84.33564726107363
541.3304140066483,84.33196739164896
545.0865062562057,84.3248822734903
548.8686606456725,84.31472740554463
552.677058010634,84.30533136707813
556.5118804414252,84.29690864050427
560.3733112918392,84.29213096628504
564.2615351878942,84.2906678237704
568.1767380366604,84.28932697323873
572.1191070351484,84.2882240077857
576.0888306792597,84.28721844770655
580.0860987727984,84.28575316471279
584.1111024365491,84.28383465506843
588.1640341174123,84.28058384462909
592.2450875976069,84.27490537487873
596.3544580039347,84.26820755135195
600.49234181711,84.26236093954324
604.6589368811553,84.25815214994356
608.8544424128606,84.25829292918178
613.0790590113054,84.26096840008819
617.332988667455,84.26190981113288
621.6164347738129,84.26236155082104
625.9296021341502,84.2632581573989
630.272696973296,84.26602079475916
634.6459269469954,84.27051890690066
639.0495011518428,84.2748305029012
643.4836301352744,84.2788944702184
647.9485259056391,84.28307959265298
652.444401942334,84.28757563601351
656.9714732060088,84.29221285809251
661.5299561488486,84.2968250124369
666.1200687249178,84.30160728178289
670.7420304005858,84.30752684326714
675.3960621650184,84.31440505760291
680.0823865407413,84.3207412136577
684.8012275942853,84.32654184860648
689.5528109468929,84.3324369490708
694.3373637853119,84.33843279916124
699.1551148726552,84.34557761189882
704.0062945593359,84.35410768641808
708.8911347940872,84.36355000727066
713.809869135046,84.37385838951448
718.7627327609252,84.38535722931644
723.7499624822561,84.3981848089959
728.771796752709,84.41126928973057
733.8284756804989,84.42425461381846
738.9202410398606,84.43748602790029
744.0473362826133,84.45106597925295
749.2100065497987,84.46588745973258
754.4084986833996,84.48210193279327
759.6430612381473,84.49872185414684
764.9139444934,84.51563079430838
770.2214004651139,84.53295259847766
775.5656829178915,84.55246283818332
780.9470473771121,84.57395912782
786.3657511411542,84.59568113585617
791.8220532936919,84.61766339297799
797.3162147160879,84.64012785994247
802.8484980998645,84.6633264188542
808.4191679592622,84.68696907014771
814.0284906438878,84.710780283644
819.6767343514524,84.73493468485844
825.3641691405904,84.76200878598826
831.0910669437752,84.79184776443755
836.857701580317,84.82100800679079
842.6643487694579,84.84926637150943
848.5112861435555,84.87823551077828
854.3987932613554,84.90838862902115
860.3271516213591,84.940216126185
866.2966446752807,84.97395623218763
872.3075578416012,85.00956357778992
878.3601785192174,85.04750791878527
884.4547961011796,85.0872545616025
890.5917019885312,85.12794223301941
896.7711896042383,85.16767448786145
902.9935544072205,85.20497636390189
909.2590939064801,85.24359843293828
915.5681076753234,85.28686943144437
921.9208973656869,85.3329575186968
928.3177667225565,85.38053795620394
934.7590215984928,85.42850794181777
941.2449699682564,85.47579383030798
947.7759219435303,85.52375927242977
954.3521897877492,85.57336213635035
960.9740879310269,85.62384282823336
967.6419329851916,85.6747807576026
974.3560437589264,85.72750023714615
981.1167412730092,85.78214670981194
987.9243487756643,85.83790865144199
994.7791917580137,85.89448259782962
1001.6815979696427,85.95076181900076
1008.6318974342719,86.00716326010348
1015.6304224655343,86.0668318236579
1022.6775076828653,86.12953275651594
1029.7734900274997,86.19078257624233
1036.9187087785826,86.25052448969724
1044.113505569395,86.31160508972808
1051.358224403684,86.37408038938818
1058.6532116721123,86.43605811586946
1065.9988161688188,86.49732433352189
1073.3953891080953,86.56050946291526
1080.8432841411832,86.62630856071365
1088.3428573731776,86.69333633651186
1095.8944673800574,86.76121522699826
1103.4984752258258,86.82977685396837
1111.1552444797758,86.89900263201244
1118.8651412338756,86.96783680817413
1126.6285341202706,87.03605383746205
1134.4457943289087,87.10416348223913
1142.3172956252872,87.1719646629146
1150.2434143683229,87.23945008165529
1158.2245295283517,87.30697886225755
1166.261022705244,87.37443133606608
1174.3532781466513,87.44015928137229
1182.5016827663765,87.50399169264514
1190.7066261628743,87.56756310971637
1198.968500637882,87.63096184476146
1207.287701215173,87.69081189183464
1215.664625659446,87.74566477272403
1224.0996744953407,87.79669088617936
1232.5932510265886,87.84585504206112
1241.1457613553002,87.8926267293748
1249.7576144013779,87.93666098902344
1258.429221922069,87.98252418868194
1267.160998531651,88.03644811119533
1275.9533617212567,88.10752024507815
1284.8067318788383,88.19928024401167
1293.7215323092644,88.30094206074301
1302.6981892545607,88.40330927135585
1311.7371319142871,88.5118411307113
1320.8387924660612,88.63190596006505
1330.003606086224,88.75812942205275
1339.2320109706432,88.88064681113565
1348.5244483556685,88.99901675391018
1357.8813625392227,89.11080867790346
1367.3032009020478,89.21435259462473
1376.7904139290995,89.30856634782447
1386.3434552310803,89.39134498484856
1395.9627815661322,89.46695778795255
1405.6488528616708,89.53680132346409
1415.402132236378,89.60449554647809
1425.2230860223492,89.67223345944305
1435.1121837873843,89.7396145272388
1445.069898357443,89.80772486092292
1455.0967058392466,89.87761571914544
1465.1930856430463,89.94880406158589
1475.3595205055462,90.02524538756356
1485.5964965129824,90.10680896856027
1495.9045031243645,90.18925269084713
1506.2840331948753,90.27278885710115
1516.7355829994383,90.35777744314431
1527.2596522564486,90.44647725050099
1537.8567441516614,90.53824743255254
1548.5273653622542,90.63408502372783
1559.2720260810477,90.73456690178133
1570.091240040902,90.83761145745682
1580.9855245392844,90.94377523713618
1591.9554004629958,91.05237835399083
1603.0013923130812,91.16401089897465
1614.1240282299018,91.27809803714987
1625.3238400183893,91.39365330050195
1636.6013631734781,91.51066744540937
1647.9571369057026,91.6281178401791
1659.3917041669815,91.74592523027744
1670.9056116765746,91.86533019307402
1682.499409947224,91.98690021679191
1694.1736533114806,92.11052900434056
1705.9288999482035,92.23649006567453
1717.76571190925,92.36391793143416
1729.6846551463454,92.49187089801518
1741.686299538145,92.62054971683685
1753.7712189174856,92.7503035296373
1765.9399910988168,92.88116305706754
1778.1931979058318,93.01323847230549
1790.5314251992804,93.14651748725905
1802.9552629049838,93.28097106691396
1815.465305042045,93.41700757834644
1828.0621497512448,93.55588744736563
1840.7463993236445,93.69674884129175
1853.5186602293768,93.83704724433181
1866.379543146648,93.97683296797285
1879.3296629909385,94.11648276884438
1892.3696389443987,94.25650122754473
1905.5000944854582,94.39782080772494
1918.7216574186295,94.53880051864589
1932.0349599045294,94.67788670972436
1945.4406384901076,94.81483558874633
1958.9393341390794,94.95009629095216
1972.5316922625643,95.08057637687965
1986.2183627499603,95.20606918325731
2000.0000000000002,95.32441380531097
2013.8772629520545,95.43662938122245
2027.8508151176309,95.54107996368901
2041.9213246120933,95.63616073789575
2056.08946418662,95.72396416089089
2070.355911260353,95.8035624446288
2084.7213479528027,95.87481600224638
2099.1864611164556,95.9363523202764
2113.751942369608,95.98917091086089
2128.4184881294495,96.03102497620654
2143.1867996453425,96.06031606440003
2158.0575830323673,96.0828861563302
2173.031549305077,96.10008831524283
2188.109414411485,96.10525340518805
2203.291899267314,96.09708758083434
2218.579729790446,96.08213023372103
2233.9736369356456,96.06118710661868
2249.474356729504,96.0304493393694
2265.0826303056233,95.9890264612649
2280.7992039400665,95.93753760955732
2296.6248290870226,95.8763896491642
2312.560262414751,95.80690447462928
2328.606265841754,95.72885447102834
2344.763606573197,95.64283321843521
2361.033057137611,95.54888631120215
2377.415395423807,95.44799088206456
2393.911404718086,95.34387451114263
2410.5218737416853,95.23504600199354
2427.2475966884813,95.12177738340777
2444.0893732629775,95.00507076057036
2461.0480087185233,94.88697455138106
2478.1243138958316,94.7677554232678
2495.31910526174,94.64714150552544
2512.6332049482407,94.52513054232014
2530.067440791808,94.40209696654146
2547.622646372957,94.27815463073394
2565.29966105612,94.15331136471019
2583.099330029768,94.02754591455496
2601.0225043468176,93.90086156697876
2619.070040965336,93.77367538971197
2637.2428027894975,93.64647196220248
2655.5416587108584,93.51995783562406
2673.9674836498934,93.39354205684087
2692.5211585978195,93.26545197798774
2711.203570658738,93.13646179666503
2730.015613092028,93.0078544646403
2748.9581853550735,92.87990832083003
2768.0321931462636,92.75334854234535
2787.2385484482843,92.62877268422159
2806.5781695717465,92.50788591703366
2826.0519811990675,92.38917207953065
2845.6609144287045,92.27387115483349
2865.405906819662,92.16320835193036
2885.287902436315,92.05414695608029
2905.3078518935627,91.94875567027786
2925.4667124022603,91.8458922326476
2945.765447815004,91.74717657213293
2966.205028672209,91.6539166488853
2986.786432248504,91.56200701485199
3007.5106425994773,91.47145017364369
3028.3786506087044,91.38307320063805
3049.3914540351498,91.29759913395654
3070.5500575608457,91.21601969963038
3091.8554728389545,91.13684698209772
3113.3087185421246,91.06015948136475
3134.9108204111903,90.98690417900683
3156.6628113042366,90.91771682939283
3178.5657312459566,90.85130200459082
3200.620627477401,90.78697976817814
3222.8285545060403,90.72469326769456
3245.1905741561745,90.66471928625924
3267.7077556197246,90.60782450307464
3290.381175507325,90.55145073041537
3313.2119178998273,90.49497201947106
3336.2010744001186,90.43838611366317
3359.349744185307,90.38181435637841
3382.659034059298,90.32587480772443
3406.1300585056892,90.27255501190226
3429.763939741079,90.22126074982089
3453.5618077687122,90.17074764399123
3477.5248004325013,90.12083538806493
3501.6540634714506,90.07033395728696
3525.950750574412,90.0192350030531
3550.416023435269,89.96654988492
3575.0510518084716,89.91228839825266
3599.8570135649534,89.85709162149416
3624.835094748476,89.80094982549352
3649.986489632305,89.74973084690535
3675.3124007763417,89.7035746595144
3700.8140390846047,89.66024600292866
3726.49262386312,89.6200143271229
3752.3493828782434,89.58340647875033
3778.385552415333,89.55009519478233
3804.6023773378884,89.51622274275643
3831.0011111470562,89.48132009510161
3857.583016041556,89.4472168201171
3884.3493629780533,89.41569642797566
3911.301431731899,89.38527015723673
3938.4405109583436,89.3572344730299
3965.7678982541433,89.33352651260668
3993.284900219587,89.31978804695946
4020.992832520999,89.31681321342202
4048.8930199536085,89.31922360557918
4076.9867965049248,89.32622848467554
4105.2755054185045,89.33667609960406
4133.760499258165,89.35047181895834
4162.443139972679,89.36604866822432
4191.324798960866,89.381699071555
4220.406857137189,89.39743702121854
4249.690704997766,89.41848579805705
4279.177742686844,89.44493777373205
4308.869380063769,89.47510482865005
4338.7670367703695,89.50909478309562
4368.872142298853,89.55015532168049
4399.186136060151,89.59845853887545
4429.710467452719,89.65046101426272
4460.446595931878,89.70750045766084
4491.395991079548,89.7685387295071
4522.5601326745555,89.8328430376567
4553.94051076336,89.89863259486137
4585.538625731298,89.96510560442859
4617.35598837434,90.0308063424635
4649.394119971296,90.09543602122649
4681.654552356585,90.15683620881379
4714.138827993456,90.21527792620836
4746.848500047733,90.26806174717724
4779.7851324621015,90.31450240679868
4812.950300030849,90.35494558351829
4846.3455884751975,90.38550364715124
4879.972594519101,90.40470420994455
4913.832925965581,90.41453955606852
4947.928201773629,90.41397646826135
4982.260052135578,90.39621235169935
5016.830118555078,90.35946057215357
5051.64005392557,90.31107385211374
5086.691522609297,90.25357080413058
5121.98620051692,90.1874262131645
5157.525775187602,90.11546257644234
5193.31194586974,90.03855558599082
5229.346423602185,89.96029032231414
5265.63093129604,89.88077534372526
5302.167203817078,89.79909974482965
5338.956988068642,89.71534334904618
5376.00204307521,89.62840391255594
5413.304140066483,89.53790467819394
5450.865062562057,89.44470727382458
5488.686606456731,89.34789630077148
5526.77058010634,89.24333470109838
5565.118804414253,89.13161807989289
5603.733112918391,89.01286071400028
5642.615351878942,88.88761571474589
5681.767380366609,88.75946204607612
5721.191070351485,88.62661245963363
5760.888306792596,88.49113535807248
5800.860987727984,88.35758562028764
5841.111024365491,88.2259152741704
5881.6403411741285,88.09394871513453
5922.45087597607,87.9621922817353
5963.544580039347,87.83076546845706
6004.923418171099,87.70464548141584
6046.589368811554,87.58261112405097
6088.544424128607,87.45714983557691
6130.790590113054,87.32934366803134
6173.32988667455,87.20171751517825
6216.1643477381285,87.07639975180697
6259.296021341502,86.95367751850736
6302.726969732959,86.83819758058938
6346.459269469953,86.72925549872318
6390.495011518428,86.6318373041255
6434.836301352744,86.54939671318638
6479.485259056391,86.47415777724734
6524.44401942334,86.40651498488612
6569.714732060088,86.3463667477605
6615.299561488486,86.29850926773187
6661.200687249178,86.2603590121225
6707.420304005858,86.23182292251275
6753.960621650183,86.2114526833617
6800.823865407413,86.19447980468091
6848.012275942852,86.18086606959706
6895.528109468929,86.16986872618827
6943.37363785312,86.1617873610904
6991.551148726551,86.16229449472912
7040.062945593359,86.17294422242561
7088.9113479408725,86.20092137337078
7138.09869135046,86.24910626261973
7187.6273276092525,86.31505200689324
7237.499624822562,86.39862843728682
7287.71796752709,86.50175916602532
7338.284756804989,86.62504318963553
7389.202410398606,86.76591880271694
7440.473362826133,86.92298311461482
7492.100065497987,87.10083498283628
7544.084986833996,87.29937075098488
7596.430612381473,87.511965651719
7649.139444934,87.74365132093558
7702.214004651139,87.98670653117287
7755.656829178915,88.24908000841664
7809.470473771121,88.52905100774275
7863.657511411541,88.82391917829204
7918.220532936918,89.13936548103666
7973.162147160879,89.47483262061806
8028.484980998645,89.83650789971665
8084.191679592613,90.20746364143223
8140.284906438879,90.56750832269105
8196.767343514524,90.91747845371498
8253.641691405905,91.20789957437442
8310.910669437751,91.44230132730382
8368.577015803161,91.58145457163309
8426.643487694579,91.60080913690763
8485.112861435555,91.48941723829331
8543.987932613554,91.2337998404488
8603.271516213592,90.85251029000851
8662.966446752798,90.34685876161936
8723.075578416012,89.77161760993366
8783.601785192173,89.13492369600563
8844.547961011795,88.46155922428983
8905.917019885312,87.77628162904605
8967.711896042374,87.09621644309749
9029.935544072205,86.43357544314182
9092.5909390648,85.79516220103775
9155.681076753233,85.18299600195454
9219.208973656869,84.59725231647654
9283.177667225556,84.0408932453728
9347.590215984928,83.50907865023922
9412.449699682564,82.99813707862967
9477.759219435304,82.5151888908579
9543.521897877494,82.058003044824
9609.740879310259,81.63906404153917
9676.419329851915,81.25451881216651
9743.560437589264,80.91083719964666
9811.167412730092,80.60653279526878
9879.243487756643,80.34514250997934
9947.791917580127,80.1356278971432
10016.815979696426,79.97548340306045
10086.31897434272,79.85733384323865
10156.304224655343,79.79364976810533
10226.775076828664,79.7798602772324
10297.734900274976,79.84246390267873
10369.187087785827,79.98564880799057
10441.135055693952,80.20488507414656
10513.58224403684,80.49704229364805
10586.532116721135,80.8087607241888
10659.988161688167,81.14413995812359
10733.953891080953,81.48386236790716
10808.432841411832,81.82345564335074
10883.428573731777,82.15020109217625
10958.944673800586,82.46039653622036
11034.984752258237,82.77481236311993
11111.552444797757,83.10066843353233
11188.651412338757,83.41774540363443
11266.285341202705,83.7205162206592
11344.4579432891,84.00413247264004
11423.172956252847,84.25394688284487
11502.43414368323,84.44616622052487
11582.245295283517,84.59733239920456
11662.610227052439,84.74042851147149
11743.532781466525,84.83882550862893
11825.01682766374,84.86910296732479
11907.06626162874,84.86736128466531
11989.685006378819,84.84555440079794
12072.87701215173,84.69328316078719
12156.646256594475,84.36729741492687
12240.996744953381,83.91020847390286
12325.932510265886,83.38286437407979
12411.457613553002,82.81403503058723
12497.576144013778,82.22556741731958
12584.292219220702,81.66631669937911
12671.609985316483,81.14923080236159
12759.533617212566,80.71372522180698
12848.067318788384,80.36929888777905
12937.215323092643,80.0656552968882
13026.98189254562,79.75990483502015
13117.371319142845,79.49245533440671
13208.387924660612,79.28504306474859
13300.036060862238,79.09766215123317
13392.320109706432,78.91478835105548
13485.2444835567,78.73697976018045
13578.813625392198,78.54011495152005
13673.032009020479,78.31817486674814
13767.904139290995,78.06289053103652
13863.434552310802,77.76591779184511
13959.627815661337,77.42460251810544
14056.48852861668,77.03137715472535
14154.02132236378,76.61469066631734
14252.230860223493,76.16776276066278
14351.121837873845,75.66464978686712
14450.698983574444,75.12218237785522
14550.967058392438,74.55595471881946
14651.930856430463,73.9757536863463
14753.595205055462,73.38646078442045
14855.964965129824,72.78819089056041
14959.045031243659,72.25366880105437
15062.840331948722,71.8278957294012
15167.355829994383,71.50271548844302
15272.596522564485,71.45150672801918
15378.567441516612,71.61718221311341
15485.273653622557,72.10157415261908
15592.720260810444,72.95768170776662
15700.91240040902,73.99133499577648
15809.855245392842,75.25274905826687
15919.554004629957,76.58474883165414
16030.01392313083,77.78566397762373
16141.240282298984,78.88059390001396
16253.238400183893,79.5677963406963
16366.01363173478,79.85637087600955
16479.571369057026,79.9618372345455
16593.917041669833,79.84238068172886
16709.05611676571,79.67191430771621
16824.99409947224,79.48533059343197
16941.736533114807,79.31815267464677
17059.288999482036,79.20153879823022
17177.65711909252,79.13549007009163
17296.84655146342,79.13451409181545
17416.86299538145,79.19655032036461
17537.712189174854,79.33351187762635
17659.39991098817,79.53378278157163
17781.931979058336,79.77787215566175
17905.314251992804,80.06555988032541
18029.55262904984,80.3995191715392
18154.65305042045,80.76339383040681
18280.62149751245,81.10415070148724
18407.463993236463,81.40545155315786
18535.18660229377,81.62720308245463
18663.79543146648,81.7335392456501
18793.296629909382,81.6672558655107
18923.696389443987,81.40655411299336
19055.0009448546,80.95637775087377
19187.216574186295,80.31948710266963
19320.349599045294,79.53726237297829
19454.406384901078,78.62154544029546
19589.393341390773,77.60658896036853
19725.316922625665,76.48940530218889
19862.183627499606,75.30491172728792
