X,Y
0.0,95.63275
20.000000000000004,95.63460030789463
20.138772629520556,95.6383137622885
20.27850815117631,94.81311113271988
20.419213246120933,94.15339481781976
20.560894641866188,94.15545132543656
20.70355911260353,94.15499690963148
20.847213479528037,94.15068968105881
20.991864611164555,94.14137365408483
21.137519423696084,94.13078540573922
21.284184881294486,94.12172023250848
21.431867996453427,94.11546644572115
21.580575830323685,94.11106433414106
21.73031549305077,94.10709798164933
21.88109414411485,94.10356238900975
22.03291899267313,94.09849759975259
22.185797297904458,94.09190102615389
22.339736369356466,94.08584293820275
22.494743567295043,94.08070127965036
22.650826303056235,94.07755400950643
22.807992039400652,94.07679999999999
22.966248290870226,94.0760045140621
23.125602624147522,94.07419277785303
23.28606265841754,94.07146426148118
23.447636065731974,94.06803725804764
23.610330571376103,94.06570818302895
23.77415395423807,94.06447524499468
23.939114047180873,94.06387383352876
24.105218737416855,94.06428129058102
24.272475966884812,94.06427787378382
24.440893732629764,94.06333303592044
24.610480087185234,94.06162435580777
24.781243138958327,94.0586327113989
24.9531910526174,94.05494122757115
25.12633204948242,94.05120968058296
25.300674407918066,94.04758171022621
25.476226463729574,94.04423698492386
25.652996610561214,94.04123779091286
25.830993300297685,94.0393366473714
26.01022504346819,94.03834745776662
26.190700409653346,94.03782557649556
26.372428027894973,94.03745364633058
26.5554165871086,94.03595567860245
26.739674836498935,94.03349109041463
26.92521158597821,94.02987395981182
27.112035706587367,94.0250326486401
27.30015613092028,94.0197488140972
27.48958185355075,94.01401551380846
27.680321931462636,94.00771579707494
27.87238548448286,94.00100412353062
28.06578169571745,93.99406131255971
28.260519811990676,93.98694825299575
28.456609144287057,93.98015558029647
28.654059068196624,93.97379037813756
28.852879024363165,93.96736909807422
29.053078518935628,93.96046057842675
29.254667124022603,93.9531782111609
29.457654478150054,93.944970242684
29.662050286722092,93.93559999814454
29.867864322485055,93.92615229312095
30.075106425994772,93.91724269489231
30.283786506087043,93.90901713950348
30.49391454035148,93.9015275208858
30.705500575608458,93.89383094964941
30.91855472838956,93.88535237098814
31.133087185421246,93.8758978594986
31.349108204111904,93.86586444351411
31.566628113042352,93.85662474857506
31.785657312459563,93.84796950991601
32.00620627477402,93.840986098162
32.2282855450604,93.83563770456053
32.451905741561745,93.82904807304476
32.677077556197226,93.8208792809481
32.90381175507326,93.81229807460366
33.132119178998295,93.80361153146302
33.36201074400119,93.79557462451524
33.59349744185307,93.7892950168366
33.826590340592965,93.7841414424518
34.06130058505689,93.77928238817182
34.297639397410805,93.77444173912453
34.535618077687126,93.7682748355534
34.775248004325015,93.76092511516327
35.01654063471449,93.75294155272793
35.25950750574412,93.74436943233675
35.50416023435271,93.73632900456295
35.75051051808472,93.72881397406323
35.99857013564954,93.72099844858887
36.24835094748474,93.71287890333032
36.499864896323054,93.70343595971498
36.75312400776343,93.69261560856074
37.008140390846044,93.68028181433002
37.264926238631205,93.66648913812897
37.523493828782414,93.65280892823948
37.78385552415333,93.6392231690882
38.0460237733789,93.62637921612193
38.310011111470565,93.6154605573973
38.57583016041556,93.60485885262997
38.84349362978051,93.59271340390475
39.113014317318985,93.5797991261816
39.384405109583454,93.56608174835429
39.657678982541434,93.55102900523346
39.93284900219587,93.53640874442159
40.209928325209965,93.52309324673341
40.488930199536085,93.50971655123757
40.769867965049265,93.49573063169612
41.05275505418505,93.48151142797683
41.337604992581646,93.46733643877785
41.62443139972677,93.45337449408098
41.913247989608664,93.43992339773301
42.20406857137191,93.42674939776182
42.496907049977665,93.41355342794608
42.791777426868435,93.40033607703928
43.08869380063767,93.38808260394612
43.38767036770369,93.37684069370361
43.68872142298855,93.36650756906359
43.991861360601504,93.35708457448006
44.29710467452719,93.34795912893593
44.60446595931875,93.33926179766942
44.913959910795484,93.33040620530025
45.225601326745576,93.32114742150091
45.539405107633605,93.31190373272901
45.85538625731298,93.30275379831649
46.17355988374338,93.29307844811729
46.493941199712964,93.28271400784368
46.81654552356587,93.26991635466706
47.14138827993456,93.25482863404099
47.46848500047733,93.2390830736119
47.797851324621014,93.22261617499652
48.12950300030849,93.20608145730961
48.463455884751994,93.18902726575328
48.799725945191014,93.17005842691398
49.13832925965581,93.14936785478798
49.47928201773629,93.12721971949311
49.822600521355774,93.10461610684656
50.1683011855508,93.08331568604721
50.5164005392557,93.06269928490596
50.866915226093,93.04236158162328
51.2198620051692,93.02258998143027
51.57525775187602,93.00441684001242
51.933119458697426,92.98779813730579
52.29346423602185,92.972267112217
52.65630931296043,92.95752088579069
53.021672038170784,92.94267234073357
53.38956988068642,92.92772076709433
53.76002043075213,92.91322450271983
54.13304140066484,92.89927158266083
54.50865062562059,92.88604573278299
54.886866064567315,92.87338732408169
55.26770580106341,92.86018965823466
55.65118804414249,92.84652692585627
56.03733112918391,92.83274997326608
56.42615351878945,92.81885987366029
56.81767380366609,92.80417409045057
57.211910703514846,92.7880812514226
57.60888306792594,92.77122612749432
58.00860987727984,92.7521613608194
58.41111024365494,92.73091639086309
58.816403411741284,92.70882803273423
59.224508759760695,92.68531733593147
59.63544580039345,92.66109010041407
60.04923418171099,92.63686127310163
60.465893688115564,92.61289190594741
60.885444241286066,92.5901423952773
61.307905901130546,92.56837377870161
61.733298866745464,92.54651507846437
62.16164347738128,92.52524806226401
62.59296021341505,92.50469181640175
63.027269697329594,92.4852217035282
63.46459269469953,92.46670264671147
63.90495011518425,92.448333783395
64.34836301352743,92.43019272323694
64.79485259056395,92.41268678901245
65.2444401942334,92.3963222184904
65.69714732060088,92.38019300520668
66.15299561488483,92.36326495273984
66.61200687249178,92.34556166345337
67.07420304005862,92.32648033913263
67.53960621650184,92.30618540261547
68.00823865407413,92.28423980080379
68.48012275942848,92.26065844403246
68.9552810946893,92.23613273943545
69.43373637853124,92.21057508198322
69.91551148726552,92.18419815557829
70.40062945593358,92.15695822351688
70.88911347940872,92.12910538942833
71.3809869135046,92.10066518052064
71.87627327609256,92.07317579836635
72.37499624822561,92.04714429635848
72.8771796752709,92.02341067943846
73.38284756804988,92.00224759222488
73.89202410398606,91.98290064141904
74.40473362826137,91.9650625171849
74.92100065497986,91.94777916059525
75.44084986833995,91.93076615804289
75.96430612381474,91.9129606929622
76.49139444933999,91.89369974969384
77.02214004651142,91.87338094739555
77.55656829178916,91.84981879869427
78.09470473771121,91.82331715398098
78.63657511411542,91.79591372286214
79.18220532936918,91.7672931470737
79.73162147160883,91.73821235764375
80.28484980998645,91.70902230265054
80.84191679592612,91.67975669529088
81.40284906438879,91.65051562897597
81.96767343514524,91.62136299486987
82.53641691405909,91.59429782448224
83.10910669437752,91.56918893463444
83.68577015803162,91.54589409480774
84.2664348769458,91.52491621406848
84.85112861435556,91.50329336662932
85.43987932613558,91.48019346963297
86.03271516213591,91.45596256368006
86.62966446752799,91.43068175860228
87.23075578416012,91.40494617763648
87.83601785192172,91.37897595431237
88.445479610118,91.35097387143843
89.05917019885312,91.32077153407116
89.67711896042374,91.2883093034628
90.29935544072205,91.25171880092714
90.925909390648,91.21336163816383
91.55681076753238,91.17565923085787
92.19208973656869,91.14062346163614
92.83177667225556,91.1102323129779
93.47590215984928,91.08294198035716
94.12449699682564,91.05736886472236
94.77759219435308,91.03340848370553
95.43521897877493,91.01054526274125
96.09740879310259,90.98717149586412
96.76419329851916,90.96271137803649
97.43560437589264,90.93389206815591
98.11167412730097,90.9003973847305
98.79243487756642,90.86573281745636
99.47791917580126,90.83024903880482
100.16815979696426,90.79424739867777
100.86318974342718,90.7579709889522
101.56304224655342,90.72341482965373
102.26775076828653,90.69041433867582
102.97734900274986,90.660232414647
103.69187087785828,90.63300600066884
104.41135055693952,90.60677122432347
105.1358224403684,90.58141758011479
105.86532116721123,90.55559058808626
106.59988161688177,90.52921972520342
107.33953891080954,90.50084566073062
108.08432841411832,90.47003701042993
108.83428573731777,90.43668537203607
109.58944673800576,90.40073567352418
110.34984752258259,90.36382569671997
111.11552444797758,90.3263787372156
111.88651412338757,90.29033684363526
112.66285341202705,90.25610487231367
113.44457943289089,90.2235692250077
114.23172956252871,90.193773053099
115.02434143683229,90.16454182889598
115.82245295283518,90.13454517601505
116.62610227052438,90.10377615295405
117.43532781466513,90.07011499006076
118.25016827663764,90.03244923295794
119.07066261628742,89.99286550570241
119.8968500637882,89.95299368513001
120.72877012151729,89.91275789489143
121.56646256594462,89.87435551753666
122.40996744953408,89.840201372091
123.25932510265886,89.80816808376343
124.11457613553003,89.7776620800925
124.97576144013777,89.7497694716945
125.8429221922069,89.72240266598212
126.7160998531651,89.69318101315994
127.59533617212567,89.6605822114236
128.48067318788384,89.62425539043282
129.37215323092656,89.58606990854805
130.26981892545606,89.54761947167677
131.17371319142873,89.50897857498208
132.08387924660613,89.47230786673617
133.00036060862237,89.43754468376251
133.92320109706446,89.40577958224841
134.85244483556687,89.37732722554871
135.78813625392226,89.34816795710445
136.7303200902048,89.31776834397354
137.67904139290994,89.28429059803962
138.63434552310815,89.24660680811768
139.5962781566132,89.20744271575141
140.56488528616708,89.16821735000259
141.5402132236378,89.12880789390576
142.52230860223492,89.0918259272174
143.5112183787386,89.05982960801494
144.5069898357443,89.0302800104139
145.50967058392467,89.00077690443585
146.51930856430462,88.97103932024667
147.53595205055464,88.93671503986903
148.5596496512984,88.89792611268469
149.59045031243645,88.85730960319694
150.62840331948755,88.81383009980894
151.67355829994383,88.7700385017043
152.72596522564484,88.73068352286312
153.78567441516628,88.69478362314052
154.85273653622542,88.66156458748532
155.92720260810475,88.63151359888067
157.0091240040902,88.59971154275078
158.09855245392842,88.5640169000961
159.19554004629973,88.52655786476949
160.30013923130812,88.48937180189866
161.41240282299017,88.45244866543534
162.53238400183892,88.41986964560377
163.66013631734782,88.39153275790088
164.7957136905704,88.36446435682704
165.93917041669815,88.33899414183546
167.09056116765746,88.31027836300417
168.24994099472238,88.27611009807552
169.41736533114806,88.23787285277122
170.59288999482052,88.19545412970798
171.776571190925,88.15234861544407
172.96846551463454,88.11291776214841
174.1686299538145,88.07646142959253
175.37712189174854,88.04242351309836
176.59399910988185,88.00941634937877
177.8193197905832,87.9739632683575
179.05314251992803,87.93609012701587
180.29552629049837,87.8957060813054
181.5465305042045,87.85407282084823
182.80621497512467,87.81524045513586
184.07463993236445,87.77883312002838
185.35186602293768,87.74345681466262
186.6379543146648,87.70687909388703
187.93296629909383,87.66437524255511
189.23696389444007,87.61743986844778
190.55000944854584,87.56933508948885
191.87216574186297,87.52282482386325
193.20349599045295,87.48058660240805
194.54406384901077,87.44130276115291
195.89393341390794,87.40336998356574
197.25316922625643,87.36500694886672
198.62183627499604,87.32550068418905
200.00000000000003,87.28390521225163
201.38772629520545,87.24036510461772
202.78508151176308,87.19966217037037
204.19213246120933,87.16238597456167
205.608946418662,87.12586976807356
207.03559112603529,87.0897195775888
208.47213479528025,87.05156002976851
209.91864611164556,87.01009034155376
211.37519423696082,86.96819885888314
212.84184881294496,86.92842599042689
214.31867996453425,86.8923407366175
215.80575830323676,86.85854155762783
217.3031549305077,86.82258187266827
218.81094144114851,86.7825579970595
220.3291899267314,86.73955953322947
221.85797297904458,86.69545453533124
223.39736369356456,86.65468324114993
224.9474356729504,86.61959997365632
226.50826303056232,86.584840597951
228.07992039400665,86.5472674264837
229.66248290870226,86.506489560729
231.2560262414751,86.4627157474843
232.86062658417538,86.42234188949082
234.47636065731973,86.38631864644029
236.10330571376113,86.34953815842297
237.74153954238068,86.31164586283646
239.3911404718086,86.2716931598109
241.05218737416854,86.2286184007974
242.72475966884815,86.18910520811751
244.40893732629777,86.15519105256803
246.10480087185235,86.12023317691708
247.81243138958317,86.08129085313864
249.531910526174,86.03879428430065
251.2633204948243,85.99419591215228
253.0067440791808,85.95047409410577
254.76226463729574,85.91032621374517
256.529966105612,85.87186763735272
258.30993300297683,85.83179958588099
260.102250434682,85.79034334152774
261.90700409653357,85.75209111513743
263.7242802789497,85.71681142887779
265.55416587108584,85.68000558336841
267.3967483649894,85.64168139034905
269.25211585978224,85.6013492208018
271.1203570658738,85.55991485048125
273.00156130920277,85.5194826426383
274.8958185355074,85.47977676033841
276.80321931462635,85.44075290469749
278.72385484482874,85.40238915405547
280.65781695717465,85.36486661706927
282.6051981199068,85.32781617494487
284.5660914428704,85.29167950237485
286.54059068196625,85.25679499832879
288.5287902436318,85.22157587407285
290.53078518935627,85.18450261479039
292.54667124022603,85.14598698347318
294.5765447815004,85.10785230753106
296.6205028672209,85.07027178764031
298.6786432248507,85.03175236512489
300.7510642599477,84.99061347446161
302.83786506087046,84.94917262296228
304.93914540351466,84.91071068227537
307.0550057560846,84.87099446960019
309.18554728389574,84.8283516137679
311.33087185421243,84.78616814491005
313.49108204111906,84.74495108684592
315.66628113042333,84.70548071089624
317.8565731245956,84.667128393859
320.0620627477404,84.62775504112298
322.282855450604,84.58737466943204
324.51905741561745,84.54667869771181
326.77077556197213,84.50565525053665
329.0381175507325,84.46515661009609
331.32119178998306,84.42579660851425
333.62010744001185,84.38693230287205
335.93497441853066,84.34821673161346
338.26590340592946,84.30965427299434
340.6130058505689,84.27148480140258
342.97639397410825,84.2332971990639
345.3561807768712,84.19321682408135
347.75248004325016,84.1515124436547
350.1654063471447,84.1101015369453
352.5950750574412,84.06895809139202
355.04160234352725,84.02821886660111
357.5051051808471,83.9878750186553
359.9857013564953,83.94720156942675
362.4835094748472,83.90619594397654
364.9986489632305,83.86566487966903
367.53124007763455,83.82562213385857
370.08140390846046,83.78561002955257
372.649262386312,83.74566290541726
375.234938287824,83.70592926327771
377.8385552415333,83.66636628175827
380.4602377337892,83.62715742221266
383.1001111147056,83.58919111096797
385.7583016041556,83.55356925824364
388.43493629780494,83.52092253906822
391.1301431731899,83.48954967323965
393.84405109583474,83.4588736607555
396.5767898254143,83.42957443919673
399.3284900219587,83.40229349550512
402.09928325209944,83.37686784280723
404.8893019953608,83.35105609910005
407.69867965049286,83.32389147205751
410.5275505418505,83.29501738609864
413.37604992581646,83.26375127110252
416.2443139972675,83.23195120100532
419.13247989608664,83.20202978141438
422.04068571371937,83.17318034785902
424.96907049977665,83.1421160850542
427.91777426868435,83.10880012085049
430.8869380063765,83.07518354012215
433.8767036770369,83.0412838638259
436.8872142298857,83.0068760586066
439.918613606015,82.97194795055404
442.9710467452719,82.93736573676571
446.0446595931873,82.90344579007878
449.13959910795484,82.87218832781159
452.25601326745596,82.84426531821406
455.39405107633604,82.81682917994235
458.55386257312983,82.78892636979353
461.73559883743354,82.7593112561294
464.93941199712964,82.72788679693006
468.16545523565895,82.69713504503898
471.41388279934563,82.66714582910105
474.6848500047733,82.63733148074856
477.9785132462096,82.60773401375674
481.2950300030849,82.57726441404897
484.6345588475202,82.54566808538436
487.9972594519101,82.51360394525514
491.3832925965581,82.48109716371633
494.7928201773624,82.44758952013524
498.22600521355776,82.41482420933764
501.6830118555083,82.38506958014534
505.164005392557,82.35665622002821
508.6691522609297,82.32741627707807
512.1986200516914,82.29745275630896
515.7525775187603,82.26723028120851
519.3311945869746,82.23682122825564
522.9346423602185,82.20644695432998
526.5630931296041,82.17613096674293
530.2167203817073,82.14707561756315
533.8956988068643,82.1192029657432
537.6002043075216,82.09110123285679
541.3304140066483,82.06272744203797
545.0865062562057,82.0325317966278
548.8686606456725,82.00052732538747
552.677058010634,81.9682118733094
556.5118804414252,81.93596764493098
560.3733112918392,81.90733674894086
564.2615351878942,81.8819756120202
568.1767380366604,81.85641731244627
572.1191070351484,81.83064212305104
576.0888306792597,81.804661120109
580.0860987727984,81.77809740393658
584.1111024365491,81.75095554117868
588.1640341174123,81.72239055285885
592.2450875976069,81.69137577669797
596.3544580039347,81.65942318693543
600.49234181711,81.629736389312
604.6589368811553,81.60242600754442
608.8544424128606,81.5768471387881
613.0790590113054,81.55325596069899
617.332988667455,81.53065934795902
621.6164347738129,81.5078345042426
625.9296021341502,81.48433187293759
630.272696973296,81.46278228241854
634.6459269469954,81.4431222410586
639.0495011518428,81.42391800303986
643.4836301352744,81.4053354369953
647.9485259056391,81.38737329582085
652.444401942334,81.37036894847853
656.9714732060088,81.35397187770293
661.5299561488486,81.33814795821208
666.1200687249178,81.32293880441337
670.7420304005858,81.30929771781341
675.3960621650184,81.29693631695753
680.0823865407413,81.28264901982911
684.8012275942853,81.2664545940946
689.5528109468929,81.25019117484578
694.3373637853119,81.23386278628145
699.1551148726552,81.21786629636713
704.0062945593359,81.20229308732806
708.8911347940872,81.18716258804889
713.809869135046,81.17251827521292
718.7627327609252,81.1586938301138
723.7499624822561,81.14582258336395
728.771796752709,81.13304708722055
733.8284756804989,81.12008164259794
738.9202410398606,81.10574682677961
744.0473362826133,81.08972082489647
749.2100065497987,81.07327596667044
754.4084986833996,81.05675169679088
759.6430612381473,81.0405402226273
764.9139444934,81.02498223455969
770.2214004651139,81.00982982339366
775.5656829178915,80.99618550704876
780.9470473771121,80.98389004476383
786.3657511411542,80.97465021259373
791.8220532936919,80.96983954846357
797.3162147160879,80.96715491540324
802.8484980998645,80.96602441113137
808.4191679592622,80.96743577622824
814.0284906438878,80.97381211345758
819.6767343514524,80.98354390647042
825.3641691405904,80.99554490595
831.0910669437752,81.00969079202966
836.857701580317,81.02371357362989
842.6643487694579,81.03755783464706
848.5112861435555,81.05111368446788
854.3987932613554,81.06432125557834
860.3271516213591,81.07856292224841
866.2966446752807,81.09437184340747
872.3075578416012,81.11139672602937
878.3601785192174,81.12979136040781
884.4547961011796,81.14913348311275
890.5917019885312,81.16889637915907
896.7711896042383,81.18935088332368
902.9935544072205,81.21105055615944
909.2590939064801,81.2343306070969
915.5681076753234,81.25928929481374
921.9208973656869,81.2860271232611
928.3177667225565,81.31477720381781
934.7590215984928,81.34485466416446
941.2449699682564,81.3756331257231
947.7759219435303,81.40737975510146
954.3521897877492,81.44011569429694
960.9740879310269,81.47416464249606
967.6419329851916,81.50942541538444
974.3560437589264,81.545458246009
981.1167412730092,81.58215741305487
987.9243487756643,81.6213022148298
994.7791917580137,81.66242584415794
1001.6815979696427,81.70192773404274
1008.6318974342719,81.74063136725344
1015.6304224655343,81.78397003149962
1022.6775076828653,81.83158502562489
1029.7734900274997,81.87961276822784
1036.9187087785826,81.92806481778692
1044.113505569395,81.97723737347012
1051.358224403684,82.02712674003507
1058.6532116721123,82.07569509953561
1065.9988161688188,82.1225563939732
1073.3953891080953,82.16975550192214
1080.8432841411832,82.21777937567626
1088.3428573731776,82.26642101972682
1095.8944673800574,82.31562706346911
1103.4984752258258,82.36496682681921
1111.1552444797758,82.41426523428368
1118.8651412338756,82.4621226276032
1126.6285341202706,82.50836926892507
1134.4457943289087,82.55429134072945
1142.3172956252872,82.59981908267731
1150.2434143683229,82.64356307001803
1158.2245295283517,82.68586411748963
1166.261022705244,82.72836240587107
1174.3532781466513,82.7701589902551
1182.5016827663765,82.80983632123097
1190.7066261628743,82.84828000756946
1198.968500637882,82.88638479639201
1207.287701215173,82.92081826653055
1215.664625659446,82.94955436650226
1224.0996744953407,82.9731084513555
1232.5932510265886,82.99399155662955
1241.1457613553002,83.01152055339993
1249.7576144013779,83.02531930346086
1258.429221922069,83.04012958957384
1267.160998531651,83.06047267528571
1275.9533617212567,83.09371575897127
1284.8067318788383,83.14318456960656
1293.7215323092644,83.20033499630958
1302.6981892545607,83.25788196876219
1311.7371319142871,83.32081717129299
1320.8387924660612,83.39355492189064
1330.003606086224,83.47117430397998
1339.2320109706432,83.54553887883876
1348.5244483556685,83.61628193612822
1357.8813625392227,83.68092749021955
1367.3032009020478,83.73795335530696
1376.7904139290995,83.78876158924827
1386.3434552310803,83.83269300266598
1395.9627815661322,83.8723896982226
1405.6488528616708,83.90875143327582
1415.402132236378,83.9438545580773
1425.2230860223492,83.97859630877728
1435.1121837873843,84.01240498759259
1445.069898357443,84.04600647967544
1455.0967058392466,84.0800926455199
1465.1930856430463,84.11453655428856
1475.3595205055462,84.14913758079535
1485.5964965129824,84.18389969138639
1495.9045031243645,84.21852596146046
1506.2840331948753,84.25276801362911
1516.7355829994383,84.28698214671957
1527.2596522564486,84.32134902776677
1537.8567441516614,84.3558877938506
1548.5273653622542,84.39329946711094
1559.2720260810477,84.43402511176069
1570.091240040902,84.47598119297845
1580.9855245392844,84.51919008630455
1591.9554004629958,84.56351793659712
1603.0013923130812,84.6095743932333
1614.1240282299018,84.65695618351761
1625.3238400183893,84.7035843120731
1636.6013631734781,84.74948463816057
1647.9571369057026,84.79540291516206
1659.3917041669815,84.84127344242373
1670.9056116765746,84.88742642080089
1682.499409947224,84.9339461265174
1694.1736533114806,84.98130313411501
1705.9288999482035,85.02997957111094
1717.76571190925,85.07980512149382
1729.6846551463454,85.13079029448102
1741.686299538145,85.18273017384621
1753.7712189174856,85.23537043783554
1765.9399910988168,85.28894244461233
1778.1931979058318,85.34416703917208
1790.5314251992804,85.40145650083058
1802.9552629049838,85.46224087804188
1815.465305042045,85.52600749312069
1828.0621497512448,85.5910269933984
1840.7463993236445,85.65704172139505
1853.5186602293768,85.72325777189664
1866.379543146648,85.7899027828781
1879.3296629909385,85.8574785766551
1892.3696389443987,85.92612174863203
1905.5000944854582,85.9959267470725
1918.7216574186295,86.06726284486011
1932.0349599045294,86.14032274917562
1945.4406384901076,86.21629482873041
1958.9393341390794,86.29555423814887
1972.5316922625643,86.37656940354307
1986.2183627499603,86.45847559444587
2000.0000000000002,86.5420181670901
2013.8772629520545,86.62714882529967
2027.8508151176309,86.71306886251739
2041.9213246120933,86.79981982424138
2056.08946418662,86.88731234631963
2070.355911260353,86.97555488257389
2084.7213479528027,87.06457156411176
2099.1864611164556,87.15439925612851
2113.751942369608,87.24537008581233
2128.4184881294495,87.33789209547554
2143.1867996453425,87.43202269169859
2158.0575830323673,87.5273020549873
2173.031549305077,87.62411428871437
2188.109414411485,87.72347945733326
2203.291899267314,87.82547142714259
2218.579729790446,87.92909899611736
2233.9736369356456,88.03416407065603
2249.474356729504,88.14113679522798
2265.0826303056233,88.24949192099412
2280.7992039400665,88.358861394604
2296.6248290870226,88.46957467800775
2312.560262414751,88.58169451418033
2328.606265841754,88.6962046128338
2344.763606573197,88.81320343528132
2361.033057137611,88.93238254768882
2377.415395423807,89.05353925852287
2393.911404718086,89.17586982379274
2410.5218737416853,89.29957653176545
2427.2475966884813,89.42322032960293
2444.0893732629775,89.5463872269577
2461.0480087185233,89.66937012185856
2478.1243138958316,89.79147822575393
2495.31910526174,89.91239820966807
2512.6332049482407,90.03261047618882
2530.067440791808,90.15264582040662
2547.622646372957,90.27214817603598
2565.29966105612,90.39144115690691
2583.099330029768,90.5100402259271
2601.0225043468176,90.62820401135042
2619.070040965336,90.74520476941385
2637.2428027894975,90.8602201814705
2655.5416587108584,90.9735815656326
2673.9674836498934,91.08561477487058
2692.5211585978195,91.19489456081206
2711.203570658738,91.30069355675298
2730.015613092028,91.40499333875282
2748.9581853550735,91.50722168319183
2768.0321931462636,91.60599409196428
2787.2385484482843,91.70062926663695
2806.5781695717465,91.78882008445879
2826.0519811990675,91.87292615139096
2845.6609144287045,91.94747871263914
2865.405906819662,92.00953655102843
2885.287902436315,92.06457468863658
2905.3078518935627,92.10264952463496
2925.4667124022603,92.12821872525731
2945.765447815004,92.1398021460804
2966.205028672209,92.1335760664572
2986.786432248504,92.11676044440648
3007.5106425994773,92.08092731281059
3028.3786506087044,92.02697298300457
3049.3914540351498,91.95933229766342
3070.5500575608457,91.87221916947247
3091.8554728389545,91.77131508594671
3113.3087185421246,91.65859760706735
3134.9108204111903,91.53293701301811
3156.6628113042366,91.39737769379698
3178.5657312459566,91.25441527736835
3200.620627477401,91.10375540395879
3222.8285545060403,90.94553209324913
3245.1905741561745,90.78288187123904
3267.7077556197246,90.61486357544709
3290.381175507325,90.44350067272568
3313.2119178998273,90.268750587522
3336.2010744001186,90.09168986614813
3359.349744185307,89.91298218620177
3382.659034059298,89.73321351953507
3406.1300585056892,89.55384889863072
3429.763939741079,89.37468285499963
3453.5618077687122,89.19575781749148
3477.5248004325013,89.01702995700526
3501.6540634714506,88.83963620203824
3525.950750574412,88.66346788996307
3550.416023435269,88.48947644645276
3575.0510518084716,88.31761956476198
3599.8570135649534,88.1479974745778
3624.835094748476,87.98064555133695
3649.986489632305,87.81382292226718
3675.3124007763417,87.6475875522926
3700.8140390846047,87.48251019850034
3726.49262386312,87.31887512822395
3752.3493828782434,87.15798533195962
3778.385552415333,86.99950946447703
3804.6023773378884,86.84126355421358
3831.0011111470562,86.68512302162677
3857.583016041556,86.53218719261596
3884.3493629780533,86.38270813201457
3911.301431731899,86.23429554474365
3938.4405109583436,86.08863353082965
3965.7678982541433,85.94853179262178
3993.284900219587,85.81260675207076
4020.992832520999,85.6788563361649
4048.8930199536085,85.54680598658555
4076.9867965049248,85.41693818111136
4105.2755054185045,85.28797287013182
4133.760499258165,85.1593038481229
4162.443139972679,85.03078045217885
4191.324798960866,84.90244255185257
4220.406857137189,84.77387079883985
4249.690704997766,84.64842929405658
4279.177742686844,84.52618269151998
4308.869380063769,84.40778147018206
4338.7670367703695,84.29339342917159
4368.872142298853,84.18533092537766
4399.186136060151,84.08372365757712
4429.710467452719,83.98578515831713
4460.446595931878,83.89335061002826
4491.395991079548,83.80558037767271
4522.5601326745555,83.72190483174133
4553.94051076336,83.6407998892503
4585.538625731298,83.56080579392102
4617.35598837434,83.48171935644257
4649.394119971296,83.4038002985945
4681.654552356585,83.32784667980145
4714.138827993456,83.25361871364454
4746.848500047733,83.18279032439455
4779.7851324621015,83.11580217156067
4812.950300030849,83.05259015770329
4846.3455884751975,82.99463997213668
4879.972594519101,82.94018542408048
4913.832925965581,82.88835579618608
4947.928201773629,82.84041034077931
4982.260052135578,82.7951770327841
5016.830118555078,82.74918174758479
5051.64005392557,82.70328064618481
5086.691522609297,82.66045369781806
5121.98620051692,82.62137905784513
5157.525775187602,82.58821016220865
5193.31194586974,82.56038474845718
5229.346423602185,82.53506980304533
5265.63093129604,82.51174222370275
5302.167203817078,82.49091895202857
5338.956988068642,82.47246024221404
5376.00204307521,82.45891665256752
5413.304140066483,82.45097514601187
5450.865062562057,82.44547891893338
5488.686606456731,82.44255256073959
5526.77058010634,82.44390794826319
5565.118804414253,82.44938267617178
5603.733112918391,82.46081126839623
5642.615351878942,82.47766667016505
5681.767380366609,82.49716076272693
5721.191070351485,82.52149659134326
5760.888306792596,82.54826522453537
5800.860987727984,82.57892204916392
5841.111024365491,82.61341483308543
5881.6403411741285,82.65131252323576
5922.45087597607,82.69524541901676
5963.544580039347,82.74347207263507
6004.923418171099,82.80372147795153
6046.589368811554,82.87582846874503
6088.544424128607,82.9540330782629
6130.790590113054,83.04054346619124
6173.32988667455,83.13368924035481
6216.1643477381285,83.23555697732387
6259.296021341502,83.34443889085415
6302.726969732959,83.46169364590733
6346.459269469953,83.58641203328447
6390.495011518428,83.71749993120366
6434.836301352744,83.85651374388603
6479.485259056391,84.00367534322571
6524.44401942334,84.16232149893649
6569.714732060088,84.33024208870542
6615.299561488486,84.50944850543493
6661.200687249178,84.6983593647596
6707.420304005858,84.89936641568528
6753.960621650183,85.11109077243633
6800.823865407413,85.339099572401
6848.012275942852,85.58324711359157
6895.528109468929,85.84439959875839
6943.37363785312,86.12426454946502
6991.551148726551,86.4249280400024
7040.062945593359,86.74861157486208
7088.9113479408725,87.09413300508194
7138.09869135046,87.46264435166772
7187.6273276092525,87.85581720573474
7237.499624822562,88.27494867952427
7287.71796752709,88.72008627486554
7338.284756804989,89.19120722435528
7389.202410398606,89.6868502982503
7440.473362826133,90.20580330959982
7492.100065497987,90.74120546347527
7544.084986833996,91.29052236385768
7596.430612381473,91.83377827422851
7649.139444934,92.36006139897228
7702.214004651139,92.8719436217967
7755.656829178915,93.30427548562915
7809.470473771121,93.66524699662975
7863.657511411541,93.94216099891887
7918.220532936918,94.09716483780537
7973.162147160879,94.15750935709217
8028.484980998645,94.10434025592352
8084.191679592613,93.95957928007722
8140.284906438879,93.71450080185834
8196.767343514524,93.39919529551086
8253.641691405905,93.00358635355444
8310.910669437751,92.5320862881617
8368.577015803161,92.00821341687426
8426.643487694579,91.41949602023416
8485.112861435555,90.79328791596978
8543.987932613554,90.13417942482224
8603.271516213592,89.46541837302982
8662.966446752798,88.79504975934506
8723.075578416012,88.13360079361621
8783.601785192173,87.49053982227733
8844.547961011795,86.88828150397428
8905.917019885312,86.32028504938748
8967.711896042374,85.76672197100679
9029.935544072205,85.24047931638533
9092.5909390648,84.74441605441196
9155.681076753233,84.27613719587325
9219.208973656869,83.83415356774516
9283.177667225556,83.41991070185661
9347.590215984928,83.02797442029669
9412.449699682564,82.65397457849816
9477.759219435304,82.30017702051848
9543.521897877494,81.96276586722071
9609.740879310259,81.64707116562957
9676.419329851915,81.35007518747915
9743.560437589264,81.06827277244778
9811.167412730092,80.80002287565839
9879.243487756643,80.54475221860476
9947.791917580127,80.30560630176562
10016.815979696426,80.08307248930898
10086.31897434272,79.87426664954327
10156.304224655343,79.68124314912521
10226.775076828664,79.50256906225907
10297.734900274976,79.33963900448967
10369.187087785827,79.19338002509568
10441.135055693952,79.06312663490034
10513.58224403684,78.94817208352573
10586.532116721135,78.8426553849707
10659.988161688167,78.74895592728316
10733.953891080953,78.66915216732335
10808.432841411832,78.60440891218101
10883.428573731777,78.55479535510061
10958.944673800586,78.52048687944051
11034.984752258237,78.49978638720282
11111.552444797757,78.49441384887757
11188.651412338757,78.51219501090597
11266.285341202705,78.5513348460178
11344.4579432891,78.60022484021304
11423.172956252847,78.6618176958668
11502.43414368323,78.75332315867237
11582.245295283517,78.86894116794068
11662.610227052439,78.99226079162455
11743.532781466525,79.14826399440602
11825.01682766374,79.34842932182909
11907.06626162874,79.56813467258394
11989.685006378819,79.79401930543536
12072.87701215173,80.05172017143107
12156.646256594475,80.34621293313306
12240.996744953381,80.66217856135785
12325.932510265886,80.99049282599928
12411.457613553002,81.32914926388762
12497.576144013778,81.67806439728135
12584.292219220702,82.0251456931037
12671.609985316483,82.35743107287628
12759.533617212566,82.66170395952174
12848.067318788384,82.93603028453238
12937.215323092643,83.19755227291581
13026.98189254562,83.46088886599948
13117.371319142845,83.69676397457306
13208.387924660612,83.8765376959912
13300.036060862238,84.02910944348672
13392.320109706432,84.16526471098265
13485.2444835567,84.28330428903858
13578.813625392198,84.40579938733569
13673.032009020479,84.53589155922478
13767.904139290995,84.6874420950481
13863.434552310802,84.86877011850024
13959.627815661337,85.06833889909247
14056.48852861668,85.28182358235303
14154.02132236378,85.50203370541068
14252.230860223493,85.6321103300517
14351.121837873845,85.58518369127255
14450.698983574444,85.35395265279278
14550.967058392438,84.9281871514339
14651.930856430463,84.40442856636243
14753.595205055462,83.881498047389
14855.964965129824,83.3592445892186
14959.045031243659,82.8754704291706
15062.840331948722,82.45807278484251
15167.355829994383,82.07391452710307
15272.596522564485,81.72691917532032
15378.567441516612,81.40883925810985
15485.273653622557,81.08866356588696
15592.720260810444,80.76639535107363
15700.91240040902,80.43824568909564
15809.855245392842,80.10113097066451
15919.554004629957,79.76162951274989
16030.01392313083,79.43078537521203
16141.240282298984,79.10694940434396
16253.238400183893,78.82502043641298
16366.01363173478,78.58402109115688
16479.571369057026,78.40093051149339
16593.917041669833,78.28920035260934
16709.05611676571,78.23195146611417
16824.99409947224,78.23971513575452
16941.736533114807,78.29739211468294
17059.288999482036,78.4085026410104
17177.65711909252,78.55673008241497
17296.84655146342,78.73145634783229
17416.86299538145,78.91592714412585
17537.712189174854,79.07923838109943
17659.39991098817,79.21062431886303
17781.931979058336,79.27508497687822
17905.314251992804,79.26185825858629
18029.55262904984,79.13068849707648
18154.65305042045,78.87623339684097
18280.62149751245,78.485987508573
18407.463993236463,77.96383212680556
18535.18660229377,77.33741579034256
18663.79543146648,76.60628985289347
18793.296629909382,75.78802423821912
18923.696389443987,74.8895254902114
19055.0009448546,73.93733215121355
19187.216574186295,72.95312318156368
19320.349599045294,71.96635934556726
19454.406384901078,70.96250696233994
19589.393341390773,69.93312560271798
19725.316922625665,67.968686662049
19862.183627499606,64.35661097623847
