X,Y
0.0,110.024
20.000000000000004,110.024
20.138772629520556,110.024
20.27850815117631,110.02360262050419
20.419213246120933,110.02273297126348
20.560894641866188,110.02195775223828
20.70355911260353,110.02141537901312
20.847213479528037,110.02078176318429
20.991864611164555,110.01990205687694
21.137519423696084,110.01983965349339
21.284184881294486,110.0214102279327
21.431867996453427,110.02385888813151
21.580575830323685,110.02647031025529
21.73031549305077,110.02940395202288
21.88109414411485,110.03304861786395
22.03291899267313,110.03755413972189
22.185797297904458,110.042539922093
22.339736369356466,110.0474418647743
22.494743567295043,110.05218353077683
22.650826303056235,110.05634229599829
22.807992039400652,110.05974239577736
22.966248290870226,110.06270917380718
23.125602624147522,110.06543055545656
23.28606265841754,110.06762204630107
23.447636065731974,110.06936731501024
23.610330571376103,110.07230605657017
23.77415395423807,110.07641585001772
23.939114047180873,110.08151867249961
24.105218737416855,110.08818341253792
24.272475966884812,110.09574989879685
24.440893732629764,110.10372012212
24.610480087185234,110.11136333313024
24.781243138958327,110.11813127728314
24.9531910526174,110.12293140841336
25.12633204948242,110.12566879035876
25.300674407918066,110.12709336509587
25.476226463729574,110.12676541038493
25.652996610561214,110.12566748838353
25.830993300297685,110.12590457176626
26.01022504346819,110.12725346668188
26.190700409653346,110.13083891633815
26.372428027894973,110.13705139585362
26.5554165871086,110.14427069275166
26.739674836498935,110.151845205295
26.92521158597821,110.15737246501743
27.112035706587367,110.1586180192784
27.30015613092028,110.1551539456178
27.48958185355075,110.14754380149324
27.680321931462636,110.1353325876321
27.87238548448286,110.12116895669192
28.06578169571745,110.10918985929187
28.260519811990676,110.0986375181805
28.456609144287057,110.09494461633179
28.654059068196624,110.10012488566608
28.852879024363165,110.10762570689299
29.053078518935628,110.116385895431
29.254667124022603,110.12609571845215
29.457654478150054,110.12452939428638
29.662050286722092,110.10862392797648
29.867864322485055,110.08537983250122
30.075106425994772,110.05021347446161
30.283786506087043,110.00986831607827
30.49391454035148,109.97561454614622
30.705500575608458,109.96644154859382
30.91855472838956,109.98328417997607
31.133087185421246,110.02991498350988
31.349108204111904,110.10417323342904
31.566628113042352,110.18610479967488
31.785657312459563,110.27258784989564
32.00620627477402,110.32414518097355
32.2282855450604,110.34152746017827
32.451905741561745,110.31954205358062
32.677077556197226,110.24711636672623
32.90381175507326,110.15440460395897
33.132119178998295,110.04547925940415
33.36201074400119,109.94491950739605
33.59349744185307,109.88271262627454
33.826590340592965,109.85555467808668
34.06130058505689,109.87491915800132
34.297639397410805,109.92995304025871
34.535618077687126,109.9918321175637
34.775248004325015,110.05778964701653
35.01654063471449,110.0970053960733
35.25950750574412,110.11084266735506
35.50416023435271,110.10679448689274
35.75051051808472,110.08504045123568
35.99857013564954,110.06984094792418
36.24835094748474,110.06128033065528
36.499864896323054,110.06662100905751
36.75312400776343,110.08591176636547
37.008140390846044,110.10483039866119
37.264926238631205,110.12218493766242
37.523493828782414,110.12638976629201
37.78385552415333,110.11855182832011
38.0460237733789,110.10955940231304
38.310011111470565,110.09785401820284
38.57583016041556,110.08828363700104
38.84349362978051,110.08569563330342
39.113014317318985,110.08637177349834
39.384405109583454,110.08606711129366
39.657678982541434,110.08404736007631
39.93284900219587,110.07831211534369
40.209928325209965,110.06860516695959
40.488930199536085,110.05858076986937
40.769867965049265,110.04966064140828
41.05275505418505,110.0422913151354
41.337604992581646,110.03725309156158
41.62443139972677,110.03303796629176
41.913247989608664,110.02782682178045
42.20406857137191,110.02199023951474
42.496907049977665,110.01586999679519
42.791777426868435,110.00946152990711
43.08869380063767,110.00420465637231
43.38767036770369,110.00015739060844
43.68872142298855,109.99599048292082
43.991861360601504,109.99165026596299
44.29710467452719,109.98720149503976
44.60446595931875,109.98261181801354
44.913959910795484,109.97851729618631
45.225601326745576,109.97525940750529
45.539405107633605,109.97287202628297
45.85538625731298,109.97106015808247
46.17355988374338,109.96762603610921
46.493941199712964,109.96230229267177
46.81654552356587,109.95463097061753
47.14138827993456,109.94485189243397
47.46848500047733,109.93755796853746
47.797851324621014,109.93303844499911
48.12950300030849,109.93203393008767
48.463455884751994,109.93472319331241
48.799725945191014,109.93676864633744
49.13832925965581,109.93656911190682
49.47928201773629,109.93130826383965
49.822600521355774,109.92131487146519
50.1683011855508,109.90958976572509
50.5164005392557,109.89747106722129
50.866915226093,109.88813221464136
51.2198620051692,109.88121006588348
51.57525775187602,109.87500561333748
51.933119458697426,109.8691038752763
52.29346423602185,109.8621586699904
52.65630931296043,109.8544620875434
53.021672038170784,109.84740162871203
53.38956988068642,109.84094107220126
53.76002043075213,109.83401939366928
54.13304140066484,109.82658307461847
54.50865062562059,109.81904483874834
54.886866064567315,109.81149661157758
55.26770580106341,109.80413538287041
55.65118804414249,109.79700879826952
56.03733112918391,109.79075560746418
56.42615351878945,109.78529320874281
56.81767380366609,109.7786273995804
57.211910703514846,109.769740077857
57.60888306792594,109.75977272830764
58.00860987727984,109.74933377836737
58.41111024365494,109.73842856565216
58.816403411741284,109.72823346634388
59.224508759760695,109.71940045439845
59.63544580039345,109.71124551376963
60.04923418171099,109.70381458082588
60.465893688115564,109.69649396449202
60.885444241286066,109.68652355293183
61.307905901130546,109.67474464491906
61.733298866745464,109.66349361487035
62.16164347738128,109.65700196781266
62.59296021341505,109.65520883369861
63.027269697329594,109.64958951368769
63.46459269469953,109.63993502909128
63.90495011518425,109.62725246996919
64.34836301352743,109.6107072957202
64.79485259056395,109.59714483380418
65.2444401942334,109.59070444369809
65.69714732060088,109.58584154796208
66.15299561488483,109.57590746393305
66.61200687249178,109.5624015501879
67.07420304005862,109.54787214726676
67.53960621650184,109.5324605596355
68.00823865407413,109.51694203667722
68.48012275942848,109.50131583640706
68.9552810946893,109.48449687074555
69.43373637853124,109.46636429054985
69.91551148726552,109.45199961663855
70.40062945593358,109.44239231358192
70.88911347940872,109.43242613572326
71.3809869135046,109.42091287772485
71.87627327609256,109.40579729759827
72.37499624822561,109.38633039356833
72.8771796752709,109.36720083178412
73.38284756804988,109.3499646174114
73.89202410398606,109.33613899962987
74.40473362826137,109.32606839145083
74.92100065497986,109.31409822954816
75.44084986833995,109.2989226074242
75.96430612381474,109.28294026896108
76.49139444933999,109.26644036347227
77.02214004651142,109.24983924296936
77.55656829178916,109.23498435044226
78.09470473771121,109.22169198945754
78.63657511411542,109.20791537169387
79.18220532936918,109.19348234552615
79.73162147160883,109.17889907008058
80.28484980998645,109.16444589495504
80.84191679592612,109.14895828149719
81.40284906438879,109.1304558714564
81.96767343514524,109.1101745970195
82.53641691405909,109.09305511238438
83.10910669437752,109.07890925894898
83.68577015803162,109.0622433611729
84.2664348769458,109.04244267750892
84.85112861435556,109.02447331746049
85.43987932613558,109.00981968801938
86.03271516213591,108.99434137284405
86.62966446752799,108.97653195566951
87.23075578416012,108.95860596814535
87.83601785192172,108.94169978426247
88.445479610118,108.92490764247947
89.05917019885312,108.90769195177012
89.67711896042374,108.89077838219015
90.29935544072205,108.87468415131825
90.925909390648,108.85821114526813
91.55681076753238,108.84028525812792
92.19208973656869,108.8220340024144
92.83177667225556,108.80439667172935
93.47590215984928,108.78636025756595
94.12449699682564,108.76692616728475
94.77759219435308,108.74744451965687
95.43521897877493,108.72892631545247
96.09740879310259,108.71081565872572
96.76419329851916,108.69277192952462
97.43560437589264,108.67463280638131
98.11167412730097,108.6563678225472
98.79243487756642,108.63665064449776
99.47791917580126,108.61575058226981
100.16815979696426,108.59590488961464
100.86318974342718,108.5767574398082
101.56304224655342,108.5565381047774
102.26775076828653,108.53532350343446
102.97734900274986,108.51371462022757
103.69187087785828,108.49171526598735
104.41135055693952,108.47049292284152
105.1358224403684,108.45004643557647
105.86532116721123,108.42949558081716
106.59988161688177,108.40884811261233
107.33953891080954,108.38767630517494
108.08432841411832,108.36586032577894
108.83428573731777,108.34285195438693
109.58944673800576,108.31848642887348
110.34984752258259,108.29433206466653
111.11552444797758,108.27096940004466
111.88651412338757,108.24591824469917
112.66285341202705,108.21853458964381
113.44457943289089,108.19202260255172
114.23172956252871,108.16786097844846
115.02434143683229,108.14506788096543
115.82245295283518,108.12249758389481
116.62610227052438,108.09823302963696
117.43532781466513,108.07037488632247
118.25016827663764,108.04472758272911
119.07066261628742,108.02319403510211
119.8968500637882,108.00103348959476
120.72877012151729,107.97561569615232
121.56646256594462,107.94734681638072
122.40996744953408,107.91878097998054
123.25932510265886,107.89001701399553
124.11457613553003,107.86412880537154
124.97576144013777,107.83658863249212
125.8429221922069,107.80516802118345
126.7160998531651,107.77720275030417
127.59533617212567,107.75241409489385
128.48067318788384,107.72838387757866
129.37215323092656,107.70461379849377
130.26981892545606,107.68067878758995
131.17371319142873,107.65203482499147
132.08387924660613,107.62119428224395
133.00036060862237,107.59268479356186
133.92320109706446,107.56355126562643
134.85244483556687,107.53375070256817
135.78813625392226,107.50425243856162
136.7303200902048,107.4752572373825
137.67904139290994,107.44606226314994
138.63434552310815,107.41642533296431
139.5962781566132,107.38687855682768
140.56488528616708,107.35777437210456
141.5402132236378,107.32873925958287
142.52230860223492,107.29865065248433
143.5112183787386,107.26669956446102
144.5069898357443,107.23489734541849
145.50967058392467,107.20518849609513
146.51930856430462,107.17634339516789
147.53595205055464,107.14525125242997
148.5596496512984,107.11196838058748
149.59045031243645,107.0800884197935
150.62840331948755,107.05069332197573
151.67355829994383,107.0220309009166
152.72596522564484,106.99253471710048
153.78567441516628,106.96233456449025
154.85273653622542,106.9309976615424
155.92720260810475,106.89836783549464
157.0091240040902,106.86679984372755
158.09855245392842,106.83763561599707
159.19554004629973,106.80969541663167
160.30013923130812,106.78244949534843
161.41240282299017,106.75570789570463
162.53238400183892,106.73035928461661
163.66013631734782,106.70636798991606
164.7957136905704,106.68371290112967
165.93917041669815,106.66273241574079
167.09056116765746,106.63683588177446
168.24994099472238,106.60285656005125
169.41736533114806,106.56903957182173
170.59288999482052,106.54135760366825
171.776571190925,106.5146840631007
172.96846551463454,106.48279840616064
174.1686299538145,106.44868796435168
175.37712189174854,106.41774077218076
176.59399910988185,106.38847578926769
177.8193197905832,106.35728349750124
179.05314251992803,106.32477488747668
180.29552629049837,106.29279008438675
181.5465305042045,106.2610329209704
182.80621497512467,106.22854888620265
184.07463993236445,106.19517392976272
185.35186602293768,106.16054047934108
186.6379543146648,106.12509448204978
187.93296629909383,106.08992293540665
189.23696389444007,106.05540456665253
190.55000944854584,106.02196502763893
191.87216574186297,105.98920249371737
193.20349599045295,105.95647976995855
194.54406384901077,105.92294128666126
195.89393341390794,105.88808766567786
197.25316922625643,105.85419549926871
198.62183627499604,105.82198669921004
200.00000000000003,105.7888847090258
201.38772629520545,105.75453537038072
202.78508151176308,105.72014638307687
204.19213246120933,105.68575354029491
205.608946418662,105.65098552801851
207.03559112603529,105.61573804697045
208.47213479528025,105.58109901492622
209.91864611164556,105.54766980938246
211.37519423696082,105.51524171944519
212.84184881294496,105.48349576787193
214.31867996453425,105.45056895992062
215.80575830323676,105.41624749781192
217.3031549305077,105.3808769502848
218.81094144114851,105.34453018397748
220.3291899267314,105.31085497557902
221.85797297904458,105.27978971618984
223.39736369356456,105.24799571209118
224.9474356729504,105.21513921382919
226.50826303056232,105.1819060302036
228.07992039400665,105.14870476532155
229.66248290870226,105.11577432933697
231.2560262414751,105.08314736293921
232.86062658417538,105.0489309357208
234.47636065731973,105.01282595695167
236.10330571376113,104.97578427955438
237.74153954238068,104.93797417983683
239.3911404718086,104.89902490695945
241.05218737416854,104.85841765313613
242.72475966884815,104.81766350000109
244.40893732629777,104.77739935889697
246.10480087185235,104.73809996005613
247.81243138958317,104.70088440988455
249.531910526174,104.66338675378469
251.2633204948243,104.62389425739894
253.0067440791808,104.58470451363681
254.76226463729574,104.54766616372805
256.529966105612,104.51151357177329
258.30993300297683,104.47376750511546
260.102250434682,104.43464935697303
261.90700409653357,104.39475686733526
263.7242802789497,104.35484241964198
265.55416587108584,104.31722858619827
267.3967483649894,104.28098448691364
269.25211585978224,104.24308903428062
271.1203570658738,104.20334427157076
273.00156130920277,104.16261599418877
274.8958185355074,104.1216745730371
276.80321931462635,104.08140660559565
278.72385484482874,104.04205652658746
280.65781695717465,104.00432765827543
282.6051981199068,103.96758987810989
284.5660914428704,103.93028906989014
286.54059068196625,103.89233394311427
288.5287902436318,103.85381576176758
290.53078518935627,103.81422543570417
292.54667124022603,103.77376783978275
294.5765447815004,103.73481207666674
296.6205028672209,103.69783759978057
298.6786432248507,103.66081273089432
300.7510642599477,103.62280240378243
302.83786506087046,103.58320176991788
304.93914540351466,103.54145696992617
307.0550057560846,103.50083502264017
309.18554728389574,103.46272445859302
311.33087185421243,103.42677711307427
313.49108204111906,103.3919528268654
315.66628113042333,103.35464659713033
317.8565731245956,103.31551793446144
320.0620627477404,103.27589573621489
322.282855450604,103.23578278420399
324.51905741561745,103.19698520120747
326.77077556197213,103.1599479657871
329.0381175507325,103.1234859518772
331.32119178998306,103.08745786600605
333.62010744001185,103.05034839220113
335.93497441853066,103.01019209957985
338.26590340592946,102.96913192663749
340.6130058505689,102.93179738127986
342.97639397410825,102.89692287777405
345.3561807768712,102.86013071343905
347.75248004325016,102.82159074633799
350.1654063471447,102.7818119562015
352.5950750574412,102.74083526889446
355.04160234352725,102.6985889737855
357.5051051808471,102.65508090247138
359.9857013564953,102.61350610321155
362.4835094748472,102.5738909483392
364.9986489632305,102.53806386070139
367.53124007763455,102.50606476406014
370.08140390846046,102.47461600223136
372.649262386312,102.44372835856772
375.234938287824,102.41299810932804
377.8385552415333,102.38239278400168
380.4602377337892,102.35306810754307
383.1001111147056,102.32713714276512
385.7583016041556,102.3011573920317
388.43493629780494,102.27130515810791
391.1301431731899,102.23952660866948
393.84405109583474,102.2078034978071
396.5767898254143,102.17633990486998
399.3284900219587,102.14510660871728
402.09928325209944,102.11398039903501
404.8893019953608,102.08314177238995
407.69867965049286,102.05279343897418
410.5275505418505,102.02262880166627
413.37604992581646,101.99249308940381
416.2443139972675,101.96198871208587
419.13247989608664,101.93054758914607
422.04068571371937,101.89844634082577
424.96907049977665,101.86466346663912
427.91777426868435,101.82917172634964
430.8869380063765,101.79605512827013
433.8767036770369,101.76545008397314
436.8872142298857,101.73581414923639
439.918613606015,101.70709160120109
442.9710467452719,101.6776274816635
446.0446595931873,101.6470787064943
449.13959910795484,101.61760114741017
452.25601326745596,101.58966000853555
455.39405107633604,101.55856846876004
458.55386257312983,101.52414292377122
461.73559883743354,101.492942819609
464.93941199712964,101.46528658691398
468.16545523565895,101.43740431284748
471.41388279934563,101.40899837849634
474.6848500047733,101.37826783637342
477.9785132462096,101.34496988780715
481.2950300030849,101.31377351370952
484.6345588475202,101.28570927091752
487.9972594519101,101.25847779180613
491.3832925965581,101.2307009337713
494.7928201773624,101.20016057939313
498.22600521355776,101.16922036901842
501.6830118555083,101.14175162389776
505.164005392557,101.11563773130104
508.6691522609297,101.08748581668253
512.1986200516914,101.0575804832732
515.7525775187603,101.02721240526114
519.3311945869746,100.99681599833855
522.9346423602185,100.96769627497693
526.5630931296041,100.93942404254824
530.2167203817073,100.91003627084714
533.8956988068643,100.87957939965317
537.6002043075216,100.84980327463441
541.3304140066483,100.82080809237812
545.0865062562057,100.79117933239249
548.8686606456725,100.76111333825443
552.677058010634,100.73251440676455
556.5118804414252,100.7051011708414
560.3733112918392,100.67754629499694
564.2615351878942,100.64984413005283
568.1767380366604,100.62300930351265
572.1191070351484,100.59796578997106
576.0888306792597,100.57364494047802
580.0860987727984,100.54814923600915
584.1111024365491,100.52149204937191
588.1640341174123,100.49622145965876
592.2450875976069,100.473641181436
596.3544580039347,100.45212446919271
600.49234181711,100.42983398357978
604.6589368811553,100.40711284914559
608.8544424128606,100.38559006796989
613.0790590113054,100.3653325968755
617.332988667455,100.34554417499139
621.6164347738129,100.32677191611532
625.9296021341502,100.30886343650039
630.272696973296,100.29140868335543
634.6459269469954,100.27429391520727
639.0495011518428,100.25636366796306
643.4836301352744,100.23742086451203
647.9485259056391,100.21864408551532
652.444401942334,100.20063904346074
656.9714732060088,100.18307520837291
661.5299561488486,100.16584745398353
666.1200687249178,100.14880511661782
670.7420304005858,100.13164452875364
675.3960621650184,100.11436898922138
680.0823865407413,100.09720949455695
684.8012275942853,100.08016273062587
689.5528109468929,100.06213021272497
694.3373637853119,100.04301504268406
699.1551148726552,100.02427812531992
704.0062945593359,100.00613975569617
708.8911347940872,99.98743166236085
713.809869135046,99.96785479620806
718.7627327609252,99.95022458700299
723.7499624822561,99.93546953707104
728.771796752709,99.92308243264974
733.8284756804989,99.91288871911567
738.9202410398606,99.90297843472952
744.0473362826133,99.89274265716759
749.2100065497987,99.88385099432793
754.4084986833996,99.87663229338564
759.6430612381473,99.87022639504941
764.9139444934,99.86486061001915
770.2214004651139,99.85985739491278
775.5656829178915,99.8539921659723
780.9470473771121,99.84734597014261
786.3657511411542,99.84189092606144
791.8220532936919,99.83816800516381
797.3162147160879,99.83590145812863
802.8484980998645,99.8354694860858
808.4191679592622,99.83608485527772
814.0284906438878,99.8371198336533
819.6767343514524,99.83845580956759
825.3641691405904,99.84024139155468
831.0910669437752,99.84245168625463
836.857701580317,99.8466955452079
842.6643487694579,99.85348477182063
848.5112861435555,99.86100208268061
854.3987932613554,99.86881729658847
860.3271516213591,99.87735513460068
866.2966446752807,99.88679570203286
872.3075578416012,99.897017504773
878.3601785192174,99.90817422588938
884.4547961011796,99.92268321921264
890.5917019885312,99.94046557433606
896.7711896042383,99.95813108586222
902.9935544072205,99.9748263374052
909.2590939064801,99.993321408492
915.5681076753234,100.01594039430964
921.9208973656869,100.04058657581288
928.3177667225565,100.06565062324515
934.7590215984928,100.09153825739497
941.2449699682564,100.11866939531254
947.7759219435303,100.14779162611705
954.3521897877492,100.17903850448704
960.9740879310269,100.21054055785044
967.6419329851916,100.24153379248642
974.3560437589264,100.2745115781577
981.1167412730092,100.30979977397345
987.9243487756643,100.33966572852827
994.7791917580137,100.36736576439247
1001.6815979696427,100.40987884889515
1008.6318974342719,100.46330996564016
1015.6304224655343,100.5114776524551
1022.6775076828653,100.5548497263118
1029.7734900274997,100.60053246317435
1036.9187087785826,100.64861017505338
1044.113505569395,100.69721708865914
1051.358224403684,100.74628859675582
1058.6532116721123,100.79525068275048
1065.9988161688188,100.84400087741382
1073.3953891080953,100.88948165123792
1080.8432841411832,100.93080258208877
1088.3428573731776,100.9715512980971
1095.8944673800574,101.01272456270974
1103.4984752258258,101.05290297484538
1111.1552444797758,101.09140737908007
1118.8651412338756,101.12977471905558
1126.6285341202706,101.16868582112295
1134.4457943289087,101.20862727415637
1142.3172956252872,101.25005493851808
1150.2434143683229,101.28886042049713
1158.2245295283517,101.3245360027021
1166.261022705244,101.36065968810308
1174.3532781466513,101.39733019551863
1182.5016827663765,101.43344866538608
1190.7066261628743,101.46891565772471
1198.968500637882,101.50502849585195
1207.287701215173,101.5439896626553
1215.664625659446,101.58663930945744
1224.0996744953407,101.63210427048914
1232.5932510265886,101.67920244833795
1241.1457613553002,101.72772086329707
1249.7576144013779,101.77437282974249
1258.429221922069,101.81783148456552
1267.160998531651,101.86091160994874
1275.9533617212567,101.90375800429587
1284.8067318788383,101.94673252353985
1293.7215323092644,101.98992761348981
1302.6981892545607,102.0334224182505
1311.7371319142871,102.07650978724169
1320.8387924660612,102.11839539674264
1330.003606086224,102.15978013837795
1339.2320109706432,102.20038647743974
1348.5244483556685,102.24011234815165
1357.8813625392227,102.28275589765097
1367.3032009020478,102.32923403707787
1376.7904139290995,102.37635891375811
1386.3434552310803,102.42309262423323
1395.9627815661322,102.46957869707049
1405.6488528616708,102.51582066473205
1415.402132236378,102.56214634987899
1425.2230860223492,102.60921948719866
1435.1121837873843,102.65744610125483
1445.069898357443,102.705643674406
1455.0967058392466,102.75266652040926
1465.1930856430463,102.79931413660242
1475.3595205055462,102.84751356118483
1485.5964965129824,102.89723241912236
1495.9045031243645,102.94842738386762
1506.2840331948753,103.00185100210521
1516.7355829994383,103.05570971598837
1527.2596522564486,103.10676771173866
1537.8567441516614,103.155683451882
1548.5273653622542,103.20623668397094
1559.2720260810477,103.25864636933755
1570.091240040902,103.31366238391901
1580.9855245392844,103.37277577150634
1591.9554004629958,103.43403991176376
1603.0013923130812,103.49595117752034
1614.1240282299018,103.55848641509704
1625.3238400183893,103.62258308925641
1636.6013631734781,103.68821965022963
1647.9571369057026,103.7567534821942
1659.3917041669815,103.82873951806565
1670.9056116765746,103.90265979752488
1682.499409947224,103.97848764748855
1694.1736533114806,104.0559292646866
1705.9288999482035,104.1350877880782
1717.76571190925,104.21585070616254
1729.6846551463454,104.29837092230203
1741.686299538145,104.38272013487403
1753.7712189174856,104.46935458025901
1765.9399910988168,104.55820919190364
1778.1931979058318,104.64940458287522
1790.5314251992804,104.74280547356253
1802.9552629049838,104.83810339227553
1815.465305042045,104.93526094748219
1828.0621497512448,105.03410568335505
1840.7463993236445,105.13524881309395
1853.5186602293768,105.24017449011178
1866.379543146648,105.34910360077293
1879.3296629909385,105.46191091455418
1892.3696389443987,105.57780422553938
1905.5000944854582,105.69502901349225
1918.7216574186295,105.81281171646893
1932.0349599045294,105.9303431209685
1945.4406384901076,106.04997214694365
1958.9393341390794,106.17313730091952
1972.5316922625643,106.29919708823235
1986.2183627499603,106.42750193766982
2000.0000000000002,106.55861086216987
2013.8772629520545,106.69229477473449
2027.8508151176309,106.82809840316389
2041.9213246120933,106.96625286511369
2056.08946418662,107.10748092342124
2070.355911260353,107.25230940100022
2084.7213479528027,107.39993644989899
2099.1864611164556,107.55027969812753
2113.751942369608,107.7029176252048
2128.4184881294495,107.85807640797213
2143.1867996453425,108.01645411167615
2158.0575830323673,108.17724270046799
2173.031549305077,108.33924830970312
2188.109414411485,108.50301973001478
2203.291899267314,108.67011414590735
2218.579729790446,108.84001426824574
2233.9736369356456,109.0110537884344
2249.474356729504,109.18321532826104
2265.0826303056233,109.35618617602816
2280.7992039400665,109.529832181649
2296.6248290870226,109.70577402950123
2312.560262414751,109.88453255823643
2328.606265841754,110.0633949248664
2344.763606573197,110.2417266918388
2361.033057137611,110.41869922120358
2377.415395423807,110.59459838075912
2393.911404718086,110.76943830044908
2410.5218737416853,110.94188328154152
2427.2475966884813,111.11090892532279
2444.0893732629775,111.27717317170934
2461.0480087185233,111.440694655252
2478.1243138958316,111.59849538620907
2495.31910526174,111.74952168927489
2512.6332049482407,111.89574143789295
2530.067440791808,112.03681139999956
2547.622646372957,112.16828572021609
2565.29966105612,112.2929667742271
2583.099330029768,112.40866702605946
2601.0225043468176,112.51702879275285
2619.070040965336,112.61529384505639
2637.2428027894975,112.69936252012619
2655.5416587108584,112.77200986341083
2673.9674836498934,112.83576808025032
2692.5211585978195,112.88946967510788
2711.203570658738,112.92807806715476
2730.015613092028,112.95492276162649
2748.9581853550735,112.97058415029028
2768.0321931462636,112.97270938876082
2787.2385484482843,112.96311215394539
2806.5781695717465,112.9421799899373
2826.0519811990675,112.91364958619172
2845.6609144287045,112.87567767639689
2865.405906819662,112.82557723368956
2885.287902436315,112.77043758450277
2905.3078518935627,112.70706774941118
2925.4667124022603,112.63748068442631
2945.765447815004,112.56498002614116
2966.205028672209,112.48890596807826
2986.786432248504,112.41096973559382
3007.5106425994773,112.33056726207894
3028.3786506087044,112.24880661127972
3049.3914540351498,112.16750960948977
3070.5500575608457,112.08867004528037
3091.8554728389545,112.01249027616781
3113.3087185421246,111.94090697038544
3134.9108204111903,111.87484856029897
3156.6628113042366,111.81385060925925
3178.5657312459566,111.75643964576608
3200.620627477401,111.70484734255706
3222.8285545060403,111.65894029747793
3245.1905741561745,111.61908951235392
3267.7077556197246,111.58708041614489
3290.381175507325,111.56134891786115
3313.2119178998273,111.54368197238702
3336.2010744001186,111.53311914391264
3359.349744185307,111.53178079004202
3382.659034059298,111.53838174114807
3406.1300585056892,111.55422911915845
3429.763939741079,111.57831422767912
3453.5618077687122,111.61142361697102
3477.5248004325013,111.65298020034166
3501.6540634714506,111.7047820656978
3525.950750574412,111.76634278204844
3550.416023435269,111.8354739666278
3575.0510518084716,111.9121075013288
3599.8570135649534,111.99225297925562
3624.835094748476,112.0759520459159
3649.986489632305,112.16278038706007
3675.3124007763417,112.25263797347287
3700.8140390846047,112.33978292723427
3726.49262386312,112.42256234772594
3752.3493828782434,112.48666144176423
3778.385552415333,112.5336891367779
3804.6023773378884,112.56619163958791
3831.0011111470562,112.56313714276513
3857.583016041556,112.50603721107305
3884.3493629780533,112.3866124970807
3911.301431731899,112.23752377046003
3938.4405109583436,112.0457141910987
3965.7678982541433,111.78011488824185
3993.284900219587,111.4413141003269
4020.992832520999,111.04650374851954
4048.8930199536085,110.61379851051436
4076.9867965049248,110.1414687933944
4105.2755054185045,109.64650631821773
4133.760499258165,109.13810397424292
4162.443139972679,108.62775259748312
4191.324798960866,108.13119311243489
4220.406857137189,107.64175330038259
4249.690704997766,107.18813372143221
4279.177742686844,106.7710015106311
4308.869380063769,106.40005780199616
4338.7670367703695,106.07713039197967
4368.872142298853,105.81517909650564
4399.186136060151,105.61508603858317
4429.710467452719,105.4584162305587
4460.446595931878,105.36458496026157
4491.395991079548,105.33119458743278
4522.5601326745555,105.35796589847797
4553.94051076336,105.44495827298931
4585.538625731298,105.57178922821129
4617.35598837434,105.73526306265634
4649.394119971296,105.94014565887177
4681.654552356585,106.17466218739517
4714.138827993456,106.43450663604989
4746.848500047733,106.7093446082367
4779.7851324621015,107.00068548675449
4812.950300030849,107.30023306300728
4846.3455884751975,107.61024901347031
4879.972594519101,107.9315724492044
4913.832925965581,108.26376752122007
4947.928201773629,108.61165186212486
4982.260052135578,108.97851479165894
5016.830118555078,109.36086090446963
5051.64005392557,109.7509022914601
5086.691522609297,110.13512121476992
5121.98620051692,110.50848445290015
5157.525775187602,110.85304349160009
5193.31194586974,111.16085696395642
5229.346423602185,111.41518319694976
5265.63093129604,111.62595453645054
5302.167203817078,111.76946553247643
5338.956988068642,111.84929945242428
5376.00204307521,111.87607359218279
5413.304140066483,111.84186398656922
5450.865062562057,111.75393704345242
5488.686606456731,111.6134427704578
5526.77058010634,111.43784451371391
5565.118804414253,111.23073856626229
5603.733112918391,110.99936748940867
5642.615351878942,110.74575612020196
5681.767380366609,110.48646468715117
5721.191070351485,110.21805733951008
5760.888306792596,109.94453754123558
5800.860987727984,109.6759613805148
5841.111024365491,109.41221679151315
5881.6403411741285,109.15214264061873
5922.45087597607,108.90029372283344
5963.544580039347,108.65258673967422
6004.923418171099,108.41466179071635
6046.589368811554,108.18791967501097
6088.544424128607,107.97290067969882
6130.790590113054,107.77815814499579
6173.32988667455,107.60248624289528
6216.1643477381285,107.45523709136563
6259.296021341502,107.33080329669531
6302.726969732959,107.23073238471738
6346.459269469953,107.15174114711046
6390.495011518428,107.08718142799762
6434.836301352744,107.04126886660771
6479.485259056391,107.00856418659251
6524.44401942334,106.99299650612392
6569.714732060088,106.99016964472469
6615.299561488486,107.00197755845335
6661.200687249178,107.02670535910737
6707.420304005858,107.07089760167642
6753.960621650183,107.13194770140447
6800.823865407413,107.21276630983128
6848.012275942852,107.3131528085365
6895.528109468929,107.4318021754919
6943.37363785312,107.57066481233922
6991.551148726551,107.72413321712871
7040.062945593359,107.89299475662025
7088.9113479408725,108.07258592705259
7138.09869135046,108.26253710687664
7187.6273276092525,108.45830939809335
7237.499624822562,108.65868736062279
7287.71796752709,108.85762842401101
7338.284756804989,109.05313792519487
7389.202410398606,109.23769893094818
7440.473362826133,109.40942042245155
7492.100065497987,109.55755815483064
7544.084986833996,109.68100745743439
7596.430612381473,109.79735700453085
7649.139444934,109.90721001458195
7702.214004651139,110.00575692105843
7755.656829178915,110.02143047300422
7809.470473771121,109.96244548501562
7863.657511411541,109.86563920026953
7918.220532936918,109.71464141285087
7973.162147160879,109.5099324039418
8028.484980998645,109.23256637817289
8084.191679592613,108.88997499841287
8140.284906438879,108.46551416077352
8196.767343514524,107.98300576110657
8253.641691405905,107.43065864299894
8310.910669437751,106.81221818595371
8368.577015803161,106.168766126069
8426.643487694579,105.49501926631697
8485.112861435555,104.81698636624063
8543.987932613554,104.14162114168526
8603.271516213592,103.47385471165092
8662.966446752798,102.81594756263638
8723.075578416012,102.17344030938501
8783.601785192173,101.55517351517322
8844.547961011795,100.97944825732483
8905.917019885312,100.43708411128983
8967.711896042374,99.91081081224502
9029.935544072205,99.41533620200096
9092.5909390648,98.95350380952323
9155.681076753233,98.52241925730524
9219.208973656869,98.11667790296707
9283.177667225556,97.7342879056744
9347.590215984928,97.37748582932834
9412.449699682564,97.04949859411713
9477.759219435304,96.75523553745879
9543.521897877494,96.48969196410368
9609.740879310259,96.26414922274253
9676.419329851915,96.07418170483099
9743.560437589264,95.93757789012896
9811.167412730092,95.8541475574115
9879.243487756643,95.83449155832196
9947.791917580127,95.8831760525049
10016.815979696426,95.96853931277171
10086.31897434272,96.08154580527062
10156.304224655343,96.195571165207
10226.775076828664,96.3106014480443
10297.734900274976,96.41636480966156
10369.187087785827,96.51260804122832
10441.135055693952,96.61830685666132
10513.58224403684,96.73371577385164
10586.532116721135,96.86969656927711
10659.988161688167,97.03086157261065
10733.953891080953,97.22838905931046
10808.432841411832,97.46657133498695
10883.428573731777,97.74401979111744
10958.944673800586,98.0607362071136
11034.984752258237,98.41048933975638
11111.552444797757,98.79631210253464
11188.651412338757,99.21232066622508
11266.285341202705,99.6505205747143
11344.4579432891,100.09220118752273
11423.172956252847,100.52990427284999
11502.43414368323,100.88160787335082
11582.245295283517,101.1513589592067
11662.610227052439,101.40629486703409
11743.532781466525,101.57170747940786
11825.01682766374,101.58723085933815
11907.06626162874,101.52643030104336
11989.685006378819,101.44066725653802
12072.87701215173,101.19483456360238
12156.646256594475,100.77141423217401
12240.996744953381,100.26050541446074
12325.932510265886,99.7015929406491
12411.457613553002,99.08823076939493
12497.576144013778,98.3940173009376
12584.292219220702,97.6604135897333
12671.609985316483,96.89285378861928
12759.533617212566,96.08609228231593
12848.067318788384,95.2502605561811
12937.215323092643,94.39786040835199
13026.98189254562,93.5395457700271
13117.371319142845,92.68997143676934
13208.387924660612,91.88336654123835
13300.036060862238,91.10533339849454
13392.320109706432,90.41268714548484
13485.2444835567,89.81425608517674
13578.813625392198,89.30645149777314
13673.032009020479,88.90694642634328
13767.904139290995,88.59623849779322
13863.434552310802,88.38343668594605
13959.627815661337,88.20029508676461
14056.48852861668,88.01134949628752
14154.02132236378,87.81919577409349
14252.230860223493,87.58310723647291
14351.121837873845,87.26269520907135
14450.698983574444,86.73662671168235
14550.967058392438,85.88445246758903
14651.930856430463,84.9096034964839
14753.595205055462,85.13340763011217
14855.964965129824,86.521837555492
14959.045031243659,87.38663822753725
15062.840331948722,87.37422103216232
15167.355829994383,87.00905075207055
15272.596522564485,86.62864899437812
15378.567441516612,86.23562165618281
15485.273653622557,85.91997755146804
15592.720260810444,85.69506546136004
15700.91240040902,85.60530499449416
15809.855245392842,85.74113844552477
15919.554004629957,86.1047285226949
16030.01392313083,86.93134451121963
16141.240282298984,88.09544616627375
16253.238400183893,89.1194679651212
16366.01363173478,90.00669320310388
16479.571369057026,90.61419109520631
16593.917041669833,90.87740448678953
16709.05611676571,90.80414967976449
16824.99409947224,90.30315422875627
16941.736533114807,89.43499246858212
17059.288999482036,88.13875765573148
17177.65711909252,86.57283392740787
17296.84655146342,84.8662993614436
17416.86299538145,83.09121016445403
17537.712189174854,81.3754456476797
17659.39991098817,79.70227636824976
17781.931979058336,78.03720329718475
17905.314251992804,76.47973069602011
18029.55262904984,75.35333117336131
18154.65305042045,74.78928445194565
18280.62149751245,75.18421872401768
18407.463993236463,76.02320087977625
18535.18660229377,75.81464384052131
18663.79543146648,74.88530865112996
18793.296629909382,74.0856090571653
18923.696389443987,73.44617756614653
19055.0009448546,72.98213086899014
19187.216574186295,72.64105088547541
19320.349599045294,72.33820914504895
19454.406384901078,72.1470628458695
19589.393341390773,72.09774115894393
19725.316922625665,72.09719746461899
19862.183627499606,
