X,Y
20.34856311436637,92.13491626325873
20.419001353092984,92.1371589535903
20.48968341962439,92.13940940718042
20.560610157990762,92.14166765090229
20.631782415143945,92.14475825643382
20.703201040967574,92.14889213847445
20.774866888287242,92.1530403302906
20.846780812880652,92.15720288141671
20.918943673487863,92.16015204979921
20.991356331821535,92.161929311736
21.06401965257721,92.16371272581237
21.136934503443648,92.16550231332447
21.210101755113186,92.1674310305338
21.283522281292143,92.16965614724846
21.357196958711228,92.17188896638916
21.43112666713604,92.17382610305043
21.505312289377557,92.17555260418138
21.579754711302677,92.17888612187193
21.654454821844798,92.18223117881041
21.729413513014443,92.1855878149409
21.804631679909882,92.18888705406349
21.880110220727886,92.19113544612952
21.95585003677436,92.19339107827155
22.03185203247519,92.1951624876866
22.108117115386978,92.19625566645308
22.18464619620793,92.1964504427149
22.261440188788697,92.19634934533158
22.33850001014331,92.1962478979913
22.415826580460113,92.19593820451232
22.49342082311276,92.19488998548599
22.57128366467124,92.19389298925263
22.64941603491294,92.19289254183414
22.727818866833744,92.19177861001351
22.806493096659192,92.19069262741932
22.885439663855635,92.1899716246215
22.964659511141466,92.1892481260127
23.04415358449838,92.18862433884229
23.123922833182657,92.18792901196002
23.20396820973652,92.18666678944173
23.28429066999949,92.18540019763552
23.364891173119798,92.18453101438561
23.445770681565858,92.18376484779645
23.52693016113774,92.18323443111142
23.60837058097872,92.18276405082983
23.690092913586827,92.18283401928618
23.772098134826493,92.18290422994414
23.854387223940172,92.1835894517864
23.93696116356005,92.18438135734613
24.01982093971978,92.18524901187115
24.10296754186625,92.18635266854201
24.186401962871393,92.18793873051999
24.270125199044063,92.18976045402987
24.354138250141915,92.19148563805109
24.43844211938334,92.1931598477802
24.523037813459467,92.1945961159629
24.607926342546158,92.19578974942047
24.693108720316086,92.19698751473925
24.77858596395084,92.19768514288812
24.864359094153063,92.19780763494926
24.950429135158647,92.19678824675512
25.036797114748957,92.1954410398821
25.123464064263118,92.19365079329611
25.21043101861031,92.19199237092616
25.29769901628215,92.19115864321043
25.385269099365058,92.19032202947707
25.473142313552746,92.18880439586823
25.56131970815867,92.18714446157523
25.649802336128563,92.18662015051113
25.738591254053063,92.18614372964669
25.827687522180195,92.18552310267248
25.917092204428215,92.1845830694117
26.006806368398166,92.18316567583386
26.096831085386697,92.18160769933516
26.18716743039883,92.18004432977162
26.277816482160816,92.17847083244445
26.368779323133005,92.1773871496058
26.460057039522763,92.17662850135375
26.551650721297467,92.1760633960165
26.643561462197496,92.17564856270687
26.73579035974931,92.17462526412069
26.82833851527854,92.17275927028325
26.92120703392315,92.17100555097298
27.014397024646637,92.16964836777552
27.107909600251258,92.16779269351485
27.201745877391332,92.16441298814148
27.29590697658657,92.16152128578884
27.39039402223545,92.1586195735687
27.485208142628654,92.15579530594769
27.580350469962536,92.15421427645188
27.675822140352633,92.15296253033235
27.771624293847253,92.15179350455432
27.867758074441067,92.15062043209663
27.96422463008878,92.14861078057407
28.061025112718838,92.14659598697202
28.15816067824718,92.14464011199351
28.255632486591054,92.14267746659158
28.353441701682847,92.14131979348991
28.451589491483997,92.14020819735067
28.55007702799894,92.13898423640956
28.648905487289102,92.13765076991484
28.74807604948694,92.1370680454541
28.84758989881004,92.1371687696973
28.94744822357525,92.1372698426058
29.04765221621289,92.1370109669798
29.14820307328096,92.1358100186106
29.249101995479457,92.13359445913568
29.350350187664684,92.13137123031791
29.451948858863677,92.1291403056092
29.553899222288603,92.1260721394207
29.656202495351266,92.12168701001637
29.758859899677645,92.11728670112296
29.86187266112248,92.11287116019543
29.965242009783903,92.10844033450675
30.068969180018136,92.10253195438682
30.173055410454214,92.09620136658828
30.277501944008847,92.08984886493508
30.3823100279011,92.08347437357057
30.48748091366751,92.07733689311004
30.59301585717679,92.07124794033547
30.698916118645073,92.06513791014589
30.805182962650704,92.0593136182543
30.911817658149584,92.05462428954948
31.01882147849015,92.05058035543311
31.12619570142865,92.04680275205541
31.233941609144395,92.0438837984307
31.34206048825507,92.04057807267071
31.45055362983208,92.03680590622537
31.559422329415995,92.03389968692096
31.668667887032,92.0317173748525
31.77829160720543,92.02933484462787
31.88829479897733,92.02643774390106
31.998678775920116,92.02353061461982
32.10944485615323,92.02166387379884
32.2205943623589,92.01949984745559
32.332128621797935,92.01443726070872
32.444048966325546,92.00935714939797
32.556356732407295,92.0041059934783
32.669053261135026,91.99868377819394
32.78213989824286,91.9950697108032
32.89561799412333,91.9916006281963
33.00948890384341,91.98802990488653
33.12375398716082,91.98345741569986
33.23841460854012,91.98029776545316
33.353472137169135,91.97764084554404
33.46892794697522,91.97497472848633
33.5847834166417,91.97166223506726
33.70103992962432,91.96771363472408
33.81769887416778,91.963442934699
33.93476164332231,91.95915745129162
34.052229634960284,91.95475915053282
34.17010425179293,91.95045991692615
34.28838690138708,91.94652966301672
34.40707899618198,91.9425858042074
34.526181953506146,91.93868120713182
34.6456971955943,91.93495548918482
34.765626149604344,91.93123209873326
34.8859702476344,91.92749581945687
35.00673092673992,91.92376473312561
35.127909628950846,91.92033496584908
35.24950780128883,91.91714170194511
35.37152689578449,91.91393738429333
35.493968369494795,91.91072197463026
35.616833684520415,91.90768540613104
35.7401243080232,91.90566424293272
35.86384171224376,91.90382376120766
35.98798737451889,91.90197690850248
36.11256277729941,91.9001003622686
36.237569408167666,91.89860956429587
36.3630087598555,91.89731001165848
36.48888233026185,91.89600596051184
36.615191622470896,91.89434064682925
36.74193814476971,91.89210689293537
36.869123410666575,91.8893108953977
36.996748938908816,91.88650521928265
37.12481625350105,91.88290036828369
37.25332688372337,91.8785727745701
37.38228236414958,91.87266087469015
37.51168423466557,91.86662370662289
37.64153404048765,91.85950609774932
37.77183333218102,91.85219997154064
37.90258366567831,91.84376009482094
38.03378660229813,91.83529100276803
38.16544370876371,91.82679259425066
38.29755655722165,91.81774798319348
38.430126725260635,91.80865438247628
38.56315579593034,91.79953781404515
38.69664535776027,91.79038968785639
38.83059700477875,91.78156305271295
38.965012336532006,91.77064766865445
39.09989295810319,91.75908813263098
39.23524048013159,91.74748858231493
39.37105651883186,91.73584887919351
39.5073426960133,91.72413517805337
39.644100639099285,91.71336745667662
39.781331981146586,91.70256246193938
39.91903836086499,91.69172006481676
40.057221422636765,91.68298995622663
40.19588281653639,91.67728190200577
40.33502419835019,91.67155408888186
40.47464722959613,91.6658064484578
40.61475357754367,91.66015152415946
40.755344915233636,91.65524771825264
40.896422921498264,91.65032693741497
41.03798928098117,91.64538912288639
41.180045684157534,91.64038263963738
41.322593827354225,91.63443210441442
41.465635412770105,91.62845040516719
41.60917214849634,91.62244799977195
41.75320574853679,91.61642481655267
41.89773793282849,91.60975537991229
42.04277042726215,91.60274698411645
42.188304963702876,91.59571432817737
42.33434328001063,91.58865732811651
42.480887120061276,91.58251716289581
42.6279382337671,91.57569311949635
42.775498377098,91.5686840619868
42.923569312102174,91.56165074204341
43.07215280692742,91.5547944745654
43.22125063584199,91.54766146929293
43.37086457925607,91.5404023527555
43.52099642374272,91.5331181081842
43.67164796205952,91.52545239966108
43.82282099316973,91.51726515330839
43.97451732226391,91.50909363797618
44.12673876078142,91.50089383626597
44.27948712643209,91.49251907714401
44.43276424321787,91.48343603565095
44.58657194145468,91.47465782530342
44.74091205779421,91.4658492284528
44.895786435245874,91.45701013991368
45.051196923198816,91.44775836382188
45.207145377444,91.43851421731463
45.363633660196356,91.42923807142762
45.520663640117036,91.41989118423373
45.6782371923357,91.41153759543073
45.83635619847295,91.40347429701058
45.995022546662746,91.39538308681426
46.154238131575006,91.38726386822286
46.31400485443818,91.37891850231901
46.47432462306201,91.37048421261052
46.635199351860244,91.36202072690872
46.79663096187355,91.35352794414933
46.958621380792444,91.34440382086686
47.12117254298028,91.33441648215646
47.28428638949641,91.32439457144488
47.44796486811928,91.31433796905827
47.61220993336976,91.30483081497711
47.777023546534444,91.29495016656142
47.94240767568909,91.28503531546185
48.10836429572211,91.27508614328295
48.27489538835816,91.26570738602402
48.44200294218179,91.25557380971125
48.60968895266121,91.2454051551837
48.7779554221721,91.23563664442617
48.946804360021545,91.2263404206964
49.11623778247199,91.21677965342478
49.28625771276537,91.20716281882738
49.456866181147205,91.19723612749448
49.62806522489091,91.18671994712376
49.79985688832204,91.17842802840738
49.97224322284287,91.17093535141262
50.145226286956586,91.16140018281298
50.31880814629227,91.15144525358744
50.49299087362914,91.14221053797634
50.66777654892171,91.1335607223983
50.843167259324225,91.12442328910626
51.019165099216,91.11384753313132
51.195772170226014,91.10320887641312
51.3729905812584,91.09248893439104
51.550822448517245,91.08174462629633
51.729269895532234,91.07099507914562
51.908335053183706,91.06005751015468
52.08802005972826,91.04844417480024
52.26832706082425,91.03716200224784
52.449258209557385,91.02645151710072
52.63081566646648,91.01567006034085
52.81300159956923,91.00269205236323
52.99581818438809,90.98966911993472
53.179267603976285,90.97734820621906
53.36335204894384,90.96500213070473
53.548073717483774,90.9539738686539
53.73343481539832,90.94317900541483
53.919437556125295,90.93266501368963
54.1060841607645,90.92229259821666
54.293376858104274,90.91326475369354
54.481317884648064,90.90492329480287
54.66990948464119,90.89715844498045
54.85915391009759,90.88943352189855
55.049053420826745,90.88090593992729
55.23961028446065,90.8716027257343
55.43082677648091,90.86264637875
55.62270518024589,90.85365902862785
55.81524778701797,90.84490607142516
56.00845689599094,90.83670885935089
56.20233481431745,90.82752753648847
56.39688385713656,90.81831443171558
56.59210634760132,90.80924400415508
56.78800461690663,90.80144702234387
56.98458100431699,90.79362305063353
57.181837857194445,90.7831285277473
57.37977753102665,90.77237274762359
57.57840238945495,90.75734920919413
57.77771480430266,90.7420194462882
57.97771715560335,90.72663661813667
58.17841183162926,90.70892454131369
58.37980122891984,90.68994157027021
58.58188775231034,90.67060589604287
58.78467381496064,90.65120328977568
58.988161838383796,90.63173351977782
59.19235425247535,90.61643127893913
59.3972534955419,90.60305591993928
59.602862014330675,90.58963426102501
59.80918226405829,90.57616614192537
60.01621670844054,90.56186367666199
60.223967819721324,90.55096354488998
60.43243807870266,90.54002568140788
60.64162997477384,90.52904995560428
60.851546005941614,90.51878543005002
61.06218867885955,90.51074687341708
61.27356050885842,90.50268049065372
61.48566401997589,90.49458618543747
61.69850174498684,90.48667955138106
61.912076225433545,90.4836038187517
62.12639001165605,90.48051743921877
62.3414456628226,90.47595948965866
62.557245746960234,90.47062285249419
62.77379284098541,90.46343940583564
62.9910895307348,90.45595017487489
63.20913841099617,90.44633326012462
63.42794208553936,90.43659319892349
63.64750316714736,90.42621275316631
63.86782427764756,90.41552290498214
64.08890804794298,90.40447722874204
64.31075711804374,90.39291769410877
64.53337413709862,90.38214463026989
64.75676176342657,90.37213339995651
64.98092266454859,90.36208751493919
65.20585951721951,90.35171247614815
65.43157500745995,90.33984041307409
65.65807183058847,90.32501145744837
65.88535269125362,90.31013117016299
66.11342030346634,90.29499464988139
66.3422773906324,90.27991102469883
66.5719266855848,90.26649837845028
66.80237093061649,90.2530393032144
67.03361287751311,90.2395262098275
67.26565528758579,90.2259225125347
67.49850093170421,90.21664205027696
67.73215259032965,90.20745230764241
67.9666130535481,90.19823075395163
68.20188512110387,90.18912596747968
68.43797160243253,90.17540269990855
68.67487531669501,90.16044740597138
68.91259909281078,90.14544034304402
69.15114576949206,90.13042108326115
69.3905181952773,90.11390391466335
69.6307192285656,90.09641172094476
69.87175173765043,90.07885897654697
70.11361860075436,90.06124069988758
70.35632270606287,90.04383228406488
70.59986695175942,90.02671918724229
70.8442542460595,90.00954685201589
71.08948750724592,89.99229493863785
71.33556966370305,89.97630391325362
71.58250365395243,89.96416351149293
71.83029242668721,89.95198108472472
72.078938940808,89.93976820990869
72.3284461654576,89.92733994088813
72.57881708005705,89.91251323677378
72.83005467434056,89.89763520879355
73.08216194839189,89.88270633658121
73.33514191267953,89.86772715110851
73.58899758809325,89.84754088746604
73.84373200597959,89.82672320144616
74.09934820817861,89.80578983941632
74.35584924705978,89.78471517569812
74.61323818555869,89.76697930241602
74.87151809721345,89.75048997462378
75.13069206620158,89.73400380715219
75.39076318737663,89.71751999721468
75.65173456630535,89.70904850531541
75.91360931930457,89.70735970050475
76.17639057347857,89.70566504975619
76.44008146675635,89.70419841752289
76.7046851479291,89.70072181887346
76.9702047766878,89.69369891114908
77.23664352366099,89.68665169304722
77.5040045704526,89.67958008041546
77.77229110967993,89.66993101877964
78.04150634501178,89.64886670441504
78.31165349120677,89.6277294741794
78.5827357741516,89.6065190756684
78.8547564308997,89.58530428130078
79.12771870970981,89.5758887801302
79.40162587008479,89.56644068642147
79.6764811828105,89.55695988735283
79.95228792999498,89.547446269712
80.22904940510749,89.52923987865185
80.50676891301788,89.50916033463672
80.78544977003627,89.48901128361477
81.06509530395215,89.46879248498176
81.34570885407476,89.44926953779085
81.62729377127232,89.43020097087677
81.90985341801267,89.41106639653694
82.1933911684028,89.39186558628121
82.47791040822979,89.37704206677796
82.76341453500052,89.36749000697321
83.04990695798301,89.35793076499547
83.33739109824639,89.34833843290889
83.62587038870242,89.3376532299331
83.91534827414587,89.32429149575958
84.20582821129628,89.310814657935
84.49731366883854,89.29729116891865
84.78980812746507,89.28325216560984
85.08331507991659,89.26534037041444
85.37783803102465,89.24710977695887
85.67338049775267,89.22881607679219
85.9699460092387,89.21045905146529
86.26753810683681,89.19410438084024
86.56616034416017,89.17759773313827
86.86581628712267,89.16103394630639
87.16650951398229,89.14441282255274
87.46824361538307,89.1259440777186
87.77102219439872,89.1067543906758
88.07484886657505,89.08749025932936
88.37972725997348,89.06815944359467
88.6856610152142,89.04868357871237
88.99265378551978,89.02907210173296
89.30070923675868,89.00939273799963
89.60983104748908,88.98964525251672
89.9200229090028,88.96909478026538
90.23128852536935,88.94755138606865
90.54363161348022,88.92600273172673
90.85705590309318,88.90437948493076
91.17156513687692,88.88375849150984
91.48716307045565,88.86707987663124
91.803853472454,88.85035711844125
92.121640124542,88.83357647303697
92.44052682148025,88.81641682425686
92.76051737116521,88.79135365341112
93.08161559467473,88.76621093169732
93.40382532631361,88.74098117636723
93.7271504136594,88.71566408614675
94.05159471760838,88.69899063371136
94.37716211242166,88.68369486064951
94.70385648577137,88.66834614000072
95.0316817387872,88.6529360380091
95.36064178610285,88.63705625877715
95.69074055590303,88.62096134005526
96.02198198996986,88.60481070743748
96.35437004373067,88.58861690825142
96.68790868630441,88.57130286312253
97.02260190054987,88.55286091037196
97.35845368311246,88.53435511927256
97.69546804447266,88.51585638897464
98.03364900899322,88.49643065699726
98.37300061496792,88.47502476466919
98.71352691466902,88.45354477406963
99.05523197439648,88.43205909667225
99.39811987452568,88.41000402795827
99.74219470955697,88.38476174073709
100.08746058816375,88.35946565105888
100.43392163324232,88.33418131001139
100.78158198196034,88.30880944512054
101.13044578580704,88.27761457705402
101.4805172106419,88.24609931058998
101.83180043674537,88.21468166308959
102.1842996588678,88.18316744059062
102.53801908628047,88.17040306071902
102.89296294282498,88.16274726951627
103.24913546696452,88.15513289290448
103.60654091183363,88.14752143841312
103.9651835452898,88.14898413415197
104.32506764996401,88.15633076175735
104.68619752331175,88.16364114205513
105.04857747766447,88.17096062276607
105.41221184028133,88.17652223733052
105.77710495340071,88.17972711977403
106.14326117429174,88.18293420041744
106.5106848753066,88.18613849411436
106.87938044393297,88.18306477202344
107.24935228284617,88.16110421755151
107.62060480996153,88.13912469087418
107.99314245848737,88.11718804700544
108.36696967697812,88.09735404163737
108.74209092938727,88.10556705106688
109.11851069512045,88.1139126728304
109.49623346908909,88.12251469541498
109.87526376176437,88.13114649461411
110.25560609923083,88.1176029976059
110.63726502324023,88.10137434678992
111.02024509126593,88.08540935942264
111.40455087655766,88.06938910792759
111.79018696819575,88.05983731642837
112.17715797114586,88.0529800180303
112.56546850631406,88.04621788801482
112.95512321060234,88.03943235032551
113.34612673696368,88.03388161923893
113.73848375445733,88.02940979697894
114.13219894830532,88.02502253976414
114.52727701994749,88.02063868705622
114.9237226870986,88.00652392896787
115.32154068380368,87.97483014134174
115.7207357604955,87.94307103602446
116.12131268405041,87.91120199393038
116.52327623784619,87.88389200372305
116.92663122181813,87.87822608591883
117.33138245251745,87.87268129261352
117.73753476316772,87.86741114329004
118.14509300372364,87.86211865739756
118.55406204092793,87.79990856329377
118.96444675837041,87.73735623298037
119.37625205654543,87.67458737258815
119.78948285291119,87.61160123258023
120.20414408194767,87.65379639226181
120.62024069521645,87.7196224458039
121.03777766141883,87.78438795548826
121.45675996645618,87.84937765635539
121.87719261348849,87.85461757803247
122.29908062299509,87.82555172236401
122.72242903283366,87.79617438635209
123.14724289830129,87.7666953582553
123.57352729219393,87.73548461209144
124.00128730486777,87.7022540049136
124.43052804429976,87.66923889596814
124.86125463614822,87.63620855448312
125.29347222381439,87.61088009339647
125.72718596850407,87.60449836100133
126.162401049289,87.5980945377103
126.59912266316846,87.59177262585018
127.03735602513154,87.58546056711688
127.47710636821976,87.5763107004579
127.9183789435892,87.56712916077669
128.36117902057302,87.55815394140402
128.80551188674457,87.54920164753477
129.25138284798092,87.52712349069292
129.6987972285258,87.50390184033316
130.14776037105298,87.48059980630492
130.59827763673042,87.45721711035347
131.0503544052844,87.43062851733643
131.50399607506358,87.40288283997901
131.9592080631032,87.3751902087173
132.41599580519002,87.34747066842061
132.87436475592747,87.3283468327044
133.33432038880056,87.31584355480268
133.79586819624083,87.3032969957676
134.25901368969286,87.29075738394059
134.72376239967898,87.2765248658192
135.1901198758665,87.25957985944277
135.65809168713267,87.24257619652153
136.12768342163258,87.22553560363862
136.5989006868646,87.20899202264005
137.0717491097384,87.19426890939285
137.54623433664113,87.17949483086817
138.022362033506,87.1646777168826
138.50013788587867,87.14968883601159
138.97956759898645,87.1252517967292
139.4606568978051,87.10073016660877
139.9434115271285,87.07612365283211
140.42783725163596,87.05171989603772
140.9139398559624,87.03070317577917
141.40172514476606,87.01021430789629
141.8911989427991,86.98965451609811
142.3823670949759,86.96902355487559
142.87523546644422,86.94962838635269
143.3698099426538,86.93101362955657
143.86609642942796,86.91240467142563
144.364100853033,86.89373129684292
144.86382916025,86.88093004547329
145.36528731844473,86.87430193701788
145.86848131564,86.86769339420579
146.37341716058657,86.86106197537472
146.88010088283474,86.84679286785013
147.38853853280662,86.81578110517776
147.8987361818686,86.78481112004911
148.41069992240364,86.7537757606389
148.92443586788372,86.72429570127888
149.43995015294303,86.70538976229574
149.95724893345167,86.68641837883692
150.47633838658876,86.66768437084252
150.997224710916,86.64891280590331
151.51991412645182,86.63613366108385
152.04441287474617,86.62358720091544
152.57072721895454,86.61107134738748
153.09886344391268,86.59899072865596
153.62882785621167,86.58811149487343
154.16062678427377,86.57755246026545
154.6942665784276,86.56695687468354
155.22975361098364,86.55666257916518
155.76709427631067,86.546162930177
156.30629499091236,86.53521049629136
156.84736219350373,86.52422014964753
157.39030234508758,86.51319175900737
157.93512192903196,86.5224574840139
158.4818274511481,86.55931833921747
159.03042543976747,86.5963067913282
159.5809224458195,86.63342328203336
160.13332504291088,86.64390431021123
160.68763982740265,86.57000391517249
161.24387341849044,86.49584770778775
161.80203245828207,86.42143480254138
162.36212361187822,86.35029863721559
162.92415356745073,86.33121088177359
163.48812903632376,86.31182439697074
164.05405675305263,86.29237080424302
164.62194347550547,86.27284987129079
165.1917959849428,86.2680357303863
165.76362108609956,86.26498994722985
166.33742560726526,86.26193362084244
166.91321640036674,86.25886671472776
167.4910003410487,86.24208053931594
168.07078432875713,86.21981067778054
168.65257528682034,86.19746921258786
169.23638016253295,86.17505041056062
169.8222059272376,86.14922253593905
170.4100595764095,86.12049797586627
170.99994812973853,86.09176272424278
171.59187863121434,86.06292800316277
172.18585814921002,86.0355737700043
172.78189377656594,86.01121916110394
173.379992630675,85.98689713372174
173.9801618535679,85.96249091362475
174.58240861199803,85.93883864069252
175.1867400975268,85.91932634888089
175.79316352660976,85.89989610983173
176.40168614068318,85.88039861139876
177.01231520625018,85.86083362075803
177.6250580149671,85.84006423681316
178.23992188373097,85.81920364288567
178.85691415476722,85.79827083828232
179.476042195717,85.7772655730399
180.09731339972484,85.75802840060238
180.7207351855272,85.73896423666854
181.34631499754144,85.71983408055023
181.9740603059545,85.70063770381006
182.60397860681155,85.68671705802984
183.23607742210595,85.67583606608835
183.87036429986944,85.66491740869088
184.5068468142619,85.65396095545536
185.14553256566143,85.64396106830155
185.78642918075542,85.63527585702806
186.42954431263215,85.62656058117548
187.07488564087157,85.61781513667279
187.72246087163666,85.60724325426116
188.37227773776664,85.59174461320308
189.02434399886786,85.57619232231366
189.67866744140792,85.56058619587958
190.33525587880717,85.54543066763193
190.99411715153357,85.5336023452374
191.65525912719465,85.52173307812393
192.3186897006332,85.50982272455806
192.9844167940198,85.49797907037731
193.6524483569491,85.48607327867728
194.32279236653312,85.47412054690741
194.99545682749817,85.46212643976531
195.6704497722787,85.45020130414912
196.34777926111494,85.43643541073882
197.0274533821475,85.42197519871488
197.7094802515156,85.40749819693178
198.3938680134523,85.3930463819679
199.08062484038345,85.37633882106336
199.76975893302352,85.35782448062463
200.4612785204754,85.33932878925168
201.1551918603267,85.3208105140369
201.85150723875014,85.30377385709407
202.55023297060166,85.28921035093038
203.25137739951927,85.27465718152054
203.9549488980233,85.26016270505893
204.66095586761656,85.2463939490315
205.36940673888446,85.23569863258132
206.08030997159506,85.22498753539377
206.79367405480068,85.21440673013666
207.5095075069396,85.20367191497104
208.22781887593737,85.18758049551806
208.9486167393085,85.17143337428219
209.67190970425924,85.15539352052026
210.39770640779082,85.13931066423496
211.1260155168022,85.12166585325969
211.85684572819312,85.10367861148629
212.59020576896827,85.0857337685402
213.32610439634215,85.06775228193212
214.06455039784294,85.05060923996494
214.80555259141724,85.03401279778932
215.5491198255357,85.01735890565277
216.2952609792991,85.00064736468747
217.04398496254393,84.98261451185834
217.79530071594846,84.96317192417715
218.54921721113976,84.94382700548614
219.3057434508015,84.92447682214303
220.06488846878074,84.90635647383209
220.8266613301956,84.89125102033856
221.59107113154386,84.87609327806508
222.35812700081198,84.8608830660097
223.12783809758375,84.84589030505319
223.9002136131491,84.8327069118998
224.6752627706145,84.81944924094188
225.45299482501323,84.80614143019906
226.23341906341585,84.79278755336571
227.01654480504027,84.77911679645032
227.8023814013637,84.76511624031554
228.59093823623473,84.75106722009461
229.3822247259849,84.7369695680251
230.17625031954074,84.72238824974855
230.97302449853674,84.70719408661418
231.77255677743028,84.69194732762405
232.57485670361243,84.67664779071326
233.37993385752355,84.66108629165174
234.18779785276797,84.64518460386262
234.9984583362283,84.62922787106247
235.81192498818024,84.61321590270846
236.62820752240845,84.59770171458969
237.44731568632318,84.58223094233523
238.26925926107617,84.5667066167196
239.09404806167697,84.55112855236342
239.92169193711052,84.53537971637013
240.7522007704554,84.52166546319359
241.58558447900123,84.50816233764405
242.42185301436672,84.49461246990562
243.26101636261885,84.4813361916793
244.10308454439277,84.4673326499994
244.94806761501087,84.45328063389866
245.79597566460234,84.43917997557887
246.64681881822423,84.4250305066609
247.5006072359828,84.41063666129695
248.3573511131544,84.39599294039984
249.21706068030656,84.38129852904842
250.07974620342088,84.36649108628521
250.945417984016,84.35119016516082
251.81408635927002,84.33591092380743
252.68576170214365,84.320578792093
253.5604544215044,84.30519358693314
254.4381749622515,84.29091239185036
255.31893380544003,84.27765504176905
256.2027414684056,84.26435180027102
257.08960850489035,84.25100250849928
257.9795455051698,84.2396891896859
258.8725630961785,84.23239956733654
259.7686719416364,84.22508438038443
260.66788274217686,84.21774387130603
261.5702062354749,84.20956297059396
262.47565319637505,84.19708583146092
263.384234437019,84.18459398422718
264.2959608069758,84.17205889542828
265.2108431933717,84.15951614451612
266.12889252101957,84.14537450614547
267.05011975254894,84.13114999865721
267.9745358885373,84.11687625185664
268.9021519676422,84.1025530952978
269.83297906673243,84.08736917624617
270.76702830101965,84.07189820265606
271.7043108241918,84.05637367500788
272.64483782854666,84.04102929597383
273.58862054512537,84.02796160511657
274.53567024384506,84.01620022761131
275.4859982336357,84.00439813712245
276.439615862574,83.99266542639616
277.39653451801837,83.97994654754025
278.3567656267455,83.96583102234624
279.3203206550875,83.95166663509116
280.28721110906804,83.93746782850012
281.2574485345392,83.92407132765717
282.23104451732013,83.91289761043812
283.2080106833358,83.90168521447026
284.18835869875517,83.89043400586392
285.17210027013016,83.87969856546238
286.1592471445359,83.87462757025418
287.1498111097115,83.86953902137553
288.14380399420025,83.86443285806294
289.14123766749054,83.8593090193426
290.14212404015774,83.85175490836062
291.14647506400746,83.84445734915971
292.1543027322174,83.83713452885243
293.16561907947994,83.82978635999538
294.1804361821467,83.81749029152374
295.1987661583731,83.80341067690885
296.22062116826265,83.78969023534012
297.2460134140113,83.77592229932506
298.27495514005415,83.76269199120631
299.3074586332118,83.74989823374588
300.3435362228368,83.73704837198697
301.38320028096024,83.72413012347616
302.4264632224399,83.71270108907765
303.47333750510927,83.70384845490983
304.5238356299257,83.69494919962796
305.57797014111895,83.68600302002572
306.6357536263418,83.67687526944434
307.6971987168207,83.66716968926781
308.76231808750623,83.65747825680418
309.8311244572238,83.64775327664339
310.9036305888259,83.63798179371783
311.9798492893454,83.62733929108794
313.05979341014796,83.6166760979539
314.1434758470844,83.60597599329253
315.23090954064577,83.59527317980749
316.3221074761183,83.58075456335092
317.41708268373776,83.56540568737645
318.51584823884474,83.5500036799949
319.618417262041,83.53454835728752
320.7248029193471,83.5224855379061
321.83501842235887,83.51220143914728
322.94907702840413,83.50188174112773
324.0669920407031,83.49152632061768
325.18877680852614,83.4815760345539
326.3144447273526,83.47212809874523
327.4440092390314,83.46264745812324
328.5774838319422,83.4531339994775
329.71488204115565,83.4431109427307
330.85621744859475,83.43194234731459
332.0015036831973,83.42074210044973
333.15075442107957,83.40950308300151
334.30398338569864,83.39847246157703
335.46120434801605,83.38928429343025
336.6224311266625,83.38010105688154
337.78767758810375,83.37088603179797
338.9569576468055,83.36163910814085
340.13028526539887,83.34985871473208
341.3076744548477,83.33803741708013
342.48913927461666,83.32617519902601
343.6746938328385,83.31427191892038
344.8643522864817,83.30239745597159
346.0581288415201,83.29072351511412
347.2560377531037,83.27903740827563
348.4580933257277,83.2673108490092
349.6643099134028,83.2580184774772
350.87470191982726,83.25060178310622
352.08928379855985,83.24320795562105
353.3080700531912,83.23578853378885
354.531075237517,83.22811663409522
355.7583139557117,83.2201241972428
356.9898008625044,83.2121307269233
358.22555066335246,83.20410958654341
359.46557811461696,83.19564437918103
360.7098980237391,83.18573599917897
361.9585252494181,83.175819436936
363.2114747017877,83.16586854769042
364.4687613425939,83.15582739808258
365.73040018537364,83.1446310330272
366.9964062956353,83.13344271503755
368.26679479103797,83.12221566775732
369.54158084157075,83.11094975712189
370.82077966973503,83.10065612877963
372.104406550727,83.09052982284209
373.39247681261907,83.08036846385676
374.68500583654236,83.07017193048463
375.98200905687094,83.06140157163894
377.28350196140724,83.05324197692003
378.5895000915657,83.04505413708733
379.90001904255814,83.03683795436802
381.21507446358044,83.02819387722462
382.5346820580001,83.01923129651476
383.8588575835433,83.01038267359098
385.1876168524816,83.00150342042514
386.5209757318234,82.99296546591874
387.85895014350183,82.9853533427771
389.2015560645645,82.97782530643292
390.5488095273649,82.97027121116665
391.90072661975444,82.96259023022537
393.2573234852741,82.95431295076013
394.61861632334643,82.94600701880557
395.98462138946934,82.93794266298121
397.3553549954114,82.92995546306733
398.7308335094058,82.92222328010962
400.1110733563448,82.91450173416106
401.4960910179768,82.90708579487475
402.8859030331041,82.8996441846996
404.2805259977793,82.8935362359482
405.6799765655028,82.88776386558345
407.08427144742245,82.88219487359815
408.49342741253406,82.87667275711703
409.9074612878806,82.86888520181805
411.3263899587525,82.85965465050111
412.7502303688899,82.85036257528495
414.1789995206861,82.84101169140729
415.61271447538945,82.83233445090342
417.05139235330654,82.82454722552993
418.49505033400715,82.81658418710931
419.9437056565305,82.80830735931333
421.39737561959015,82.79995570192003
422.85607758177974,82.79144057801156
424.31982896178124,82.78289597829553
425.78864723857345,82.77426411682664
427.2625499516403,82.76590434927857
428.74155470117927,82.76174602280227
430.2256791483121,82.757573301934
431.71494101529714,82.75354747520221
433.20935808573967,82.74968305601433
434.7089482048035,82.74387732055396
436.2137292794251,82.73783224946558
437.72371927852794,82.73196825669807
439.2389362332366,82.72630418805784
440.75939823709086,82.71986914663617
442.28512344626296,82.71311830039843
443.816130079775,82.70634408554659
445.3524364197158,82.69980953447362
446.89406081145813,82.69459623677861
448.4410216638789,82.69047833825874
449.9933374495799,82.68634618529165
451.551026705107,82.68234997132122
453.1141080311708,82.68092295352645
454.68260009287116,82.68405457327832
456.25652161991854,82.68725610785813
457.8358914068572,82.6904836988002
459.4207283132899,82.69090656728105
461.01105126410476,82.67870005299781
462.60687924969983,82.66646314067273
464.20823132620905,82.65420325595792
465.8151266157307,82.64192266306208
467.4275843065569,82.63529696284743
469.04562365340144,82.62867174172314
470.6692639776291,82.62203644923997
472.2985246674871,82.61537818814162
473.9334251783376,82.60804709027693
475.5739850328892,82.60062745648918
477.22022382142893,82.59332157950595
478.87216120205727,82.58599041262367
480.52981690092383,82.58258979093353
482.1932107124619,82.5813840659516
483.8623624996238,82.5804561971581
485.5372921941193,82.57952511646982
487.2180197966541,82.57377958952179
488.9045653771684,82.56272012093896
490.5969490750748,82.55162236908848
492.2951910995004,82.54048620144965
493.99931172952876,82.53064921909412
495.70933131444116,82.52429884581258
497.4252702739587,82.51792657765355
499.14714909848686,82.51153225135984
500.8749883493615,82.50563702445938
502.6088086590933,82.5034461038656
504.34863073161296,82.50124759921849
506.09447534251956,82.49904148426522
507.8463633393297,82.4968277326621
509.60431564172535,82.49393025986704
511.3683532418027,82.49097456236272
513.1384972043239,82.48800863346639
514.9147686669694,82.4850324377612
516.6971888405894,82.48178955573745
518.4857790094567,82.47842360138131
520.2805605315207,82.47504599549502
522.0815548386645,82.47166476949039
523.8887834369594,82.46422840007166
525.7022679069208,82.45361670888153
527.5220299037668,82.44296828444229
529.3480911576777,82.43228299959881
531.1804734740547,82.4261585000061
533.0191987337794,82.42695333028514
534.864288893475,82.4277509119351
536.7157659857727,82.42855125448011
538.5736521195685,82.42827739899596
540.4379694802903,82.42401752820618
542.3087403301641,82.41974291152036
544.1859870084784,82.4154534978944
546.0697319318496,82.41123610499834
547.9599975944915,82.40855030666253
549.8568065684843,82.40585521121307
551.7601815040435,82.40315078646717
553.6701451297891,82.400580751908
555.5867202530179,82.3990514809822
557.5099297599774,82.39768831113382
559.4397966161374,82.39632042255997
561.3763438664639,82.39512355803811
563.3195946356947,82.3940703494504
565.269572128617,82.39304962946153
567.2262996303432,82.39202537616578
569.1898005065881,82.39099757733229
571.1600982039486,82.38831299091706
573.1372162501852,82.3839198077768
575.121178254502,82.37951141726879
577.1120079078266,82.37508776675145
579.1097289830951,82.37271863471848
581.1143653355367,82.37488813437571
583.1259409029573,82.37718378118295
585.1444797060245,82.37948737456199
587.1700058485553,82.38021159239803
589.2025435178053,82.37128976029824
591.2421169847564,82.362572984658
593.2887506044052,82.3539780363845
595.3424688160551,82.34535333598478
597.4032961436095,82.34585754675399
599.4712571958632,82.3467179648801
601.5463766667953,82.34783084996037
603.6286793358651,82.34903318872074
605.7181900683091,82.35068698890373
607.8149338154373,82.35247017122799
609.9189356149291,82.35441802684089
612.030220591134,82.3563879641681
614.148813955373,82.35870457822155
616.2747410062378,82.36132497283313
618.4080271298924,82.36400373380486
620.5486978003768,82.36669176752986
622.6967785799128,82.36439211206824
624.8522951192081,82.3553785062465
627.0152731577612,82.34633369908072
629.1857385241699,82.33725758256483
631.363717136441,82.33273386526548
633.549235002299,82.34224499398056
635.742318219494,82.35178904625643
637.9429929761176,82.36136613606075
640.1512855509139,82.37008446773186
642.3672223135916,82.3666638321516
644.5908297251402,82.36323135575759
646.8221343381476,82.35978699756191
649.0611627971158,82.35633071643468
651.3079418387772,82.35347430174971
653.5624982924161,82.35008264695281
655.8248590801896,82.34667925166156
658.0950512174483,82.34326407523525
660.373101813057,82.3506323799092
662.6590380697205,82.36066900393203
664.9528872843092,82.37074037056126
667.2546768481836,82.38084660006129
669.5644342475209,82.38454954787966
671.8821870636435,82.38217697358337
674.2079629733503,82.3797006640111
676.5417897492458,82.37721578248787
678.8836952600703,82.3745810973341
681.2337074710341,82.37301695970051
683.5918544441527,82.3726630709967
685.9581643385804,82.37230795727778
688.3326654109458,82.37146959095423
690.7153860156899,82.36934420935836
693.1063546054063,82.369570466673
695.5055997311797,82.36979750719608
697.9131500429254,82.37002533363878
700.3290342897326,82.37052965154325
702.7532813202093,82.37277945889463
705.1859200828256,82.3750370541407
707.6269796262575,82.37730246423996
710.0764890997351,82.38456322312771
712.5344777533932,82.3940051796601
715.0009749386174,82.40347982030804
717.476010108395,82.41298725821031
719.9596128176668,82.42376102584709
722.4518127236818,82.43641545425521
724.9526395863503,82.44913253003884
727.4621232685975,82.4618936270349
729.9802937367216,82.4754631374171
732.5071810607528,82.49110626240272
735.0428154148118,82.50681238644177
737.5872270774674,82.52257287853166
740.1404464321007,82.53693839782747
742.7025039672685,82.54787776907335
745.2734302770665,82.55885500786002
747.8532560614926,82.56987024526907
750.442012126815,82.58073011048305
753.0397293859446,82.59036432104519
755.6464388587954,82.60003188122614
758.2621716726601,82.6097329064684
760.8869590625826,82.61946751261402
763.5208323717297,82.62849635607111
766.1638230517635,82.63711860921319
768.8159626632188,82.64577070899956
771.477282875881,82.65445275874687
774.1478154691633,82.66462591305591
776.8275923324846,82.67499010915859
779.5166454656514,82.68522609464276
782.2150069792418,82.69549751283957
784.9227090949873,82.70548817847711
787.6397841461563,82.71526863563903
790.3662645779411,82.72512200719842
793.1021829478475,82.73501545347338
795.8475719260819,82.74445545268466
798.6024642959395,82.75314830663713
801.3668929541977,82.76208722071121
804.1408909115106,82.77127865257327
806.9244912928012,82.78191225297309
809.7177273376557,82.7980127886824
812.5206324007215,82.8142801693628
815.3332399521081,82.83109262200509
818.1555835777841,82.84797517838074
820.9876969799774,82.86533884613254
823.8296139775787,82.88276261966024
826.6813685065473,82.9004775718545
829.5429946203149,82.91841510511551
832.4145264901898,82.93939949811576
835.2959984057676,82.96098981245329
838.1874447753415,82.98266330327556
841.0889001263124,83.00453398953448
844.0003991055983,83.02059915093177
846.9219764800506,83.03381179133879
849.8536671368711,83.04707016839632
852.795506084026,83.06068555695683
855.7475284506633,83.07816741536146
858.709769487533,83.09966003395641
861.6822645674105,83.121227051033
864.6650491855168,83.14340468089426
867.6581589599409,83.16180413028721
870.661629632067,83.17159946981435
873.6754970670025,83.1814287167216
876.6997972540049,83.19160401885654
879.7345663069098,83.20368315704468
882.7798404645638,83.2264028849033
885.8356560912591,83.24938535402096
888.9020496771659,83.27293817307124
891.9790578387654,83.2965725221579
895.0667173192925,83.31406874871536
898.1650649891719,83.33132700918891
901.2741378464567,83.34898682989306
904.3939730172714,83.36720175274485
907.5246077562578,83.39064292478503
910.6660794470176,83.41566566057887
913.8184256025572,83.44112207166494
916.9816838657374,83.46692206993436
920.1558920097245,83.48934944930015
923.3410879384401,83.50950601594309
926.5373096870112,83.52994574662308
929.7445954222267,83.55068729797873
932.9629834429948,83.57496690509103
936.1925121807985,83.60417536159233
939.4332202001532,83.63367304033298
942.6851461990676,83.6635108875253
945.9483290095096,83.69194470260035
949.2228075978666,83.7156562347611
952.5086210654097,83.73989888952754
955.8058086487622,83.76436506126042
959.1144097203702,83.78892701449311
962.4344637889708,83.8138432902655
965.7660105000621,83.83947175273175
969.1090896363778,83.86518893024618
972.4637411183654,83.8909951299033
975.8300050046603,83.9212822095656
979.2079214925617,83.95269780351492
982.5975309185156,83.98422214514798
985.9988737585978,84.01585561090393
989.4119906289952,84.04902012809146
992.8369222864893,84.08308005691207
996.2737096289444,84.11725788700087
999.7223936957981,84.1515540264829
1003.1830156685497,84.18377558171383
1006.6556168712492,84.21374207490254
1010.1402387709937,84.24381229959255
1013.6369229784239,84.27398661485906
1017.145711248219,84.30384446720981
1020.6666454795939,84.33250972781329
1024.1997677168006,84.36127421559354
1027.7451201496333,84.39013827403369
1031.3027451139294,84.42160201924423
1034.8726850920732,84.46518391861467
1038.4549827135054,84.508916680344
1042.049680755234,84.55280082665482
1045.6568221423436,84.59701274880992
1049.2764499485036,84.63404688217238
1052.9086073964904,84.67110501978058
1056.5533378586993,84.70829143720536
1060.2106848576607,84.74562395604832
1063.8806920665616,84.7833383778898
1067.56340330977,84.82117556980839
1071.2588625633548,84.85914373830465
1074.9671139556103,84.89724333676486
1078.6882017675844,84.93601081532829
1082.4221704336094,84.97511864223706
1086.169064541831,85.0143618441319
1089.928928834738,85.05374088962455
1093.7018082096993,85.09248199161806
1097.487747719502,85.13021538079228
1101.286792572887,85.16807938722235
1105.0989881350868,85.20607446305075
1108.924379928369,85.24528757036254
1112.7630136325838,85.28725924881391
1116.6149350857045,85.32937621571094
1120.480190284375,85.37165006027958
1124.3588253844605,85.41391089438662
1128.2508867015997,85.45397041565593
1132.1564207117583,85.4941686062803
1136.0754740517787,85.53450594627513
1140.0080935199417,85.574966796789
1143.9543260765256,85.61224430905645
1147.9142188443666,85.64933598742985
1151.8878191094173,85.68654240363874
1155.875174321315,85.72386247039584
1159.8763320939497,85.76436545328046
1163.8913402060318,85.80611561072214
1167.9202466016586,85.84801028979616
1171.9630993908897,85.8900499907761
1176.0199468503245,85.92993424481102
1180.0908374236756,85.9681199468929
1184.1758197223455,86.00619626281134
1188.2749425260083,86.044404383055
1192.3882547831965,86.0866333226231
1196.515805611881,86.13545970316684
1200.6576443000567,86.18445510027604
1204.8138203063331,86.23362009901547
1208.9843832605268,86.28157454767201
1213.1693829642525,86.32523305201083
1217.3688693915146,86.36904268388302
1221.5828926893068,86.41292900515384
1225.8115031782133,86.45687833462853
1230.054751353007,86.50287167746527
1234.3126878832502,86.54902423007246
1238.5853636139025,86.59533654356794
1242.8728295659291,86.64174555422693
1247.1751369369097,86.68103328981795
1251.492337101644,86.71900171887805
1255.8244816127738,86.75695024044072
1260.171622201395,86.79503012395784
1264.5338107776718,86.83473015732898
1268.9110994314606,86.87503404679765
1273.3035404329328,86.91544175815511
1277.7111862331983,86.95598934415648
1282.1340894649272,86.99598789705513
1286.5723029429828,87.03538297509903
1291.025879665054,87.07491442247263
1295.4948728122847,87.11458271122966
1299.9793357499084,87.15502719276606
1304.4793220278857,87.19708243994339
1308.9948853815479,87.23928326484649
1313.526079732236,87.28163017140471
1318.0729591879408,87.32398876123693
1322.635578043953,87.36630378275112
1327.2139907835133,87.4087127809563
1331.8082520784606,87.45126858142575
1336.4184167898823,87.4939716923277
1341.0445399687724,87.5344730326434
1345.6866768566904,87.57487049252668
1350.3448828864198,87.61540779156753
1355.019213682626,87.65608541383077
1359.7097250625243,87.70198023003088
1364.416473036548,87.74949115619756
1369.1395138090159,87.7971604867565
1373.8789037787992,87.84499482865638
1378.6346995399995,87.88571568195417
1383.406957882625,87.92139260822138
1388.1957357932683,87.9571655983457
1393.0010904557828,87.99306241964197
1397.823079251968,88.03040996584008
1402.6617597622587,88.06976790182097
1407.517189766409,88.10922860176782
1412.3894272441796,88.14882589820002
1417.2785303760327,88.19178086761956
1422.18455754383,88.24569093145641
1427.1075673315265,88.29978760945002
1432.0476185258688,88.35405414282326
1437.004770117097,88.40820532228162
1441.9790812996548,88.45736377611682
1446.970611472892,88.5066923960167
1451.9794202417715,88.55620186606842
1457.0055674175837,88.60589822061905
1462.049113018663,88.65708874424745
1467.1101172711035,88.70865047527457
1472.1886406094711,88.76039069150963
1477.2847436775367,88.81236959690911
1482.3984873289933,88.86489078975896
1487.5299326281825,88.91772173192182
1492.6791408508238,88.97073555277223
1497.8461734847517,89.02393288535993
1503.0310922306455,89.07804811775377
1508.2339590027634,89.13302217742938
1513.4548359296853,89.18818653437155
1518.693785355057,89.24354184731007
1523.950869838332,89.30041259202918
1529.226152155516,89.36020261133251
1534.5196952999186,89.42022353854966
1539.8315624829088,89.4804522331839
1545.161817134668,89.54026926104115
1550.5105229049418,89.59694838493564
1555.8777436638063,89.65383633113754
1561.263543502431,89.71092119968293
1566.6679867338432,89.76820367223485
1572.0911378936914,89.83756137863907
1577.5330617410195,89.90743270397371
1582.9938232590441,89.97754764605423
1588.4734876559257,90.04790529682143
1593.9721203655458,90.11019535803771
1599.48978704829,90.17060471030902
1605.0265535918368,90.23126378911599
1610.5824861119397,90.29213698114582
1616.1576509532142,90.34125871308768
1621.7521146899337,90.38320491591948
1627.3659441268267,90.42528661864006
1632.999206299872,90.4675006282391
1638.6519684770956,90.50362224497229
1644.3242981593776,90.5319513747678
1650.016263081261,90.56037819316879
1655.727931211758,90.58877207861686
1661.4593707551571,90.6162280362642
1667.2106501518424,90.64085733710577
1672.981838079113,90.6655718943147
1678.773003452,90.69020855650345
1684.5842154240866,90.71540946344717
1690.4155433883363,90.74693947020404
1696.2670569779266,90.77857862069408
1702.1388260670751,90.8101866007487
1708.0309207718713,90.84165759145348
1713.9434114511178,90.88016618231842
1719.8763687071732,90.9195413462715
1725.8298633867923,90.95898190709221
1731.8039665819686,90.99811971627425
1737.798749630785,91.04114183729153
1743.8142841182726,91.08573318053007
1749.8506418772586,91.13047888040117
1755.9078949892207,91.17474389988021
1761.9861157851576,91.2232272584206
1768.0853768464485,91.27526929489113
1774.2057510057145,91.32749147918676
1780.347311347694,91.37916014210982
1786.5101312101165,91.43443255340196
1792.694284184577,91.49598199134219
1798.8998441174108,91.55774448776614
1805.1268851105772,91.6188297275612
1811.37548152255,91.67931963781747
1817.6457079692007,91.73737534633196
1823.9376393246862,91.79563201949603
1830.2513507223466,91.85295732153361
1836.5869175556063,91.91024740991081
1842.9444154788698,91.96737726244658
1849.3239204084218,92.02470487470467
1855.7255085233378,92.0807351994001
1862.1492562663973,92.13678224729713
1868.5952403449926,92.1909407870847
1875.0635377320416,92.24484361862972
1881.5542256669096,92.29696781256084
1888.0673816563371,92.34927243871192
1894.6030834753597,92.40022247420842
1901.1614091682347,92.45013030840968
1907.7424370493754,92.49835411065088
1914.3462457042915,92.54674484358273
1920.9729139905223,92.59144303829149
1927.6225210385753,92.63100227308058
1934.2951462528752,92.66916924034413
1940.9908693127152,92.70746832573006
1947.709770173205,92.74836264094368
1954.4519290662217,92.79348444482181
1961.217426501372,92.83782019693064
1968.0063432669567,92.88230942092213
1974.8187604309323,92.92607774455243
1981.6547593418745,92.96040902102443
1988.5144216299545,92.99478032419779
1995.3978292079164,93.02927060648747
2002.3050642720525,93.06275783638588
2009.236209303178,93.09279513212772
2016.1913470676304,93.12284726599799
2023.170560618242,93.15300342782186
2030.1739332953475,93.18317179305421
2037.2015487277622,93.20172641208845
2044.2534908337984,93.21775800979424
2051.32984382225,93.23384510220495
2058.4306921934153,93.24998788142017
2065.5561207400883,93.26620389132913
2072.7062145485897,93.28378570670549
2079.8810589997647,93.30142838299382
2087.080739770019,93.31913213086924
2094.305342832327,93.32913308465743
2101.5549544572737,93.32931108907604
2108.829661214068,93.32948970967172
2116.1295499715943,93.32966894857738
2123.454707899433,93.32731444870655
2130.805222468916,93.31936240435573
2138.181181454157,93.31138283334391
2145.582672933116,93.30090307454321
2153.0097852886333,93.28912244614361
2160.4626072095016,93.26695674674407
2167.941227691509,93.24471431893787
2175.445736038519,93.22239489712327
2182.976221863519,93.1988095117668
2190.5327750897077,93.18005055546081
2198.1154859515514,93.1622939093348
2205.72444499588,93.14251538936125
2213.359743082949,93.12202079498783
2221.021471387544,93.09865684692483
2228.70972140005,93.07392007325521
2236.424584927563,93.04909767119213
2244.166154094968,93.02278849237032
2251.9345213460547,92.99164297980207
2259.7297794446135,92.95692403723226
2267.552021475539,92.92208491216351
2275.401340845955,92.88591231748718
2283.277831286314,92.84902425562478
2291.1815868515314,92.81192872457751
2299.112701922094,92.77470478427321
2307.071271205203,92.73612465324035
2315.0573897358877,92.69722220523775
2323.071152878157,92.65798763950853
2331.1126563261223,92.61847352342326
2339.181996105157,92.57792443594721
2347.279268573025,92.53723498444214
2355.4045704210494,92.50725638173024
2363.5579986752496,92.47718341368486
2371.739650697518,92.44656917160137
2379.9496241867632,92.41584895578009
2388.188017180097,92.3908281620172
2396.454928053985,92.36726522796252
2404.75045552544,92.34343073043006
2413.074698653183,92.3193714488898
2421.4277568388447,92.29282154472601
2429.8097298281327,92.26464644288623
2438.2207177120426,92.23642515582759
2446.660820928033,92.20810737095292
2455.130140261246,92.1753406904966
2463.628776845689,92.13674057686481
2472.1568321654636,92.09809977824449
2480.7144080559565,92.05960069164696
2489.3016067050767,92.02110685093662
2497.9185306544546,91.98288837164066
2506.5652828006873,91.94503417748695
2515.2419663965466,91.9072069300203
2523.948685052233,91.8678353573581
2532.6855427365913,91.81076804039512
2541.4526437783747,91.75366818235705
2550.2500928674667,91.69720437532962
2559.077995056156,91.64054511415159
2567.9364557603667,91.59337682947202
2576.82558076094,91.54717454752753
2585.7454762048746,91.50159364549793
2594.696248606618,91.45628813703294
2603.6780048493156,91.41019781609154
2612.6908521861064,91.36369951096208
2621.734898241386,91.31727484247929
2630.8102510121116,91.27168124146709
2639.9170188690696,91.22629924309152
2649.055310558191,91.18107798823982
2658.2252352018304,91.13690676972476
2667.426902300085,91.09272170664187
2676.660421732098,91.04474445457912
2685.925903757357,90.99009477625614
2695.223459017036,90.93605193516491
2704.5531985352895,90.88244502776661
2713.9152337206037,90.83132900164298
2723.309676367103,90.79275643719488
2732.7366386559065,90.755012298566
2742.196233156448,90.71713750547114
2751.6885728278403,90.67912756201287
2761.2137710202014,90.63814773116579
2770.771941476033,90.59854521227714
2780.363198331554,90.55880560598516
2789.987656118086,90.51892843775036
2799.6454297633995,90.47995626260212
2809.336634593108,90.44298910721943
2819.061386332023,90.40596693881535
2828.8198011055592,90.36881661510509
2838.6119954410965,90.33364599516229
2848.4380862693956,90.29952321536697
2858.2981909259715,90.26714177536229
2868.1924271525177,90.23499944947835
2878.120913098288,90.20286634541975
2888.083767321532,90.17076104679862
2898.081108790886,90.13854461302383
2908.1130568868184,90.10796218358101
2918.179731403032,90.07752451369059
2928.281252547915,90.04657183212356
2938.4177409459576,90.01551200528239
2948.5893176392115,89.9843446622748
2958.7961040887153,89.95484344841447
2969.0382221759655,89.92534677113042
2979.315794204351,89.89574798865182
2989.6289429006342,89.86604674753303
2999.9777914163965,89.83624269310499
3010.3624633295285,89.81174203468765
3020.7830826456857,89.78743791734294
3031.2397737997912,89.76304966928046
3041.7326616574965,89.73880877164922
3052.2618715166996,89.71422597924534
3062.8275291090144,89.68907725763599
3073.4297606012983,89.66428673602059
3084.068692597132,89.64034475931186
3094.74445213836,89.62026379793019
3105.4571667065766,89.60309055661682
3116.20696422468,89.58675407675143
3126.9939730583696,89.57101924569872
3137.818322017704,89.55813109450787
3148.6801403586273,89.5497168364329
3159.579557784505,89.54284301435105
3170.5167044476943,89.53616239894257
3181.4917109510725,89.52919260552869
3192.5047083496224,89.5212112078191
3203.555828151972,89.51388148724962
3214.6452023219904,89.5079632514038
3225.7729632803366,89.50226680332219
3236.9392439060684,89.50352236882992
3248.1441775382027,89.50478228058178
3259.3878979773326,89.50791812496342
3270.6705394872015,89.51143608180168
3281.992236796329,89.50772108926422
3293.3531250995975,89.50276044097316
3304.753340059889,89.4987236872517
3316.1930178096823,89.4959934635294
3327.672294952702,89.49757723244244
3339.1913085655256,89.50124310870495
3350.7501961992452,89.5050614962698
3362.349095881084,89.51091459885099
3373.988146116071,89.51732065765832
3385.66748588867,89.52428885523113
3397.3872546644625,89.53128117379774
3409.1475923917897,89.53986102039468
3420.948639503448,89.54812021985175
3432.7905369183404,89.55469372598913
3444.6734260431867,89.56128998686313
3456.5974487741832,89.56890978227128
3468.5627474987255,89.57659214455366
3480.5694650970813,89.57950546185475
3492.6177449441248,89.5824288638453
3504.7077309110186,89.58597151873684
3516.8395673669634,89.5904849332731
3529.01339918089,89.59819907561955
3541.229371723219,89.60607152123184
3553.487630867571,89.61434108122097
3565.788322992532,89.62357261181184
3578.131594983376,89.6345538856022
3590.517594233848,89.64605435093247
3602.9464686478923,89.65784660807597
3615.418366641451,89.67049342755655
3627.933437144205,89.69430598057238
3640.491829601383,89.72554909381446
3653.093693975515,89.75711468880263
3665.7391807482545,89.78945055699563
3678.4284409221445,89.81726208280418
3691.16162602245,89.83885421539134
3703.93888809894,89.86073922655902
3716.760379727725,89.88319115799668
3729.6262540130742,89.90782370749409
3742.5366645892245,89.9390385439502
3755.4917656222487,89.97064025009202
3768.491711811861,90.00273157333982
3781.5366583932982,90.03537437722845
3794.6267611391404,90.07437861401803
3807.7621763612033,90.11351786720789
3820.9430609123733,90.1528286196647
3834.169572188512,90.19274442984997
3847.4418681303036,90.22555517358848
3860.760107225173,90.2575558679831
3874.124448509147,90.28977907190085
3887.535051568784,90.32236500586069
3900.9920765430497,90.35450162466466
3914.4956841252583,90.38651747907167
3928.046035564963,90.41864415901377
3941.643292669911,90.45088204812276
3955.2876178079437,90.48563557608475
3968.9791739089696,90.52272990246621
3982.7181244668764,90.55995263393464
3996.504633541514,90.59730421497495
4010.3388657606247,90.63773352553932
4024.220986321839,90.68340251100283
4038.1511609946156,90.72922958344685
4052.129556122256,90.77521529010258
4066.1563386238545,90.81936435595637
4080.2316759963273,90.85319782162361
4094.3557363163786,90.88714840463807
4108.52868824254,90.92121651041117
4122.750701017153,90.95551846488303
4137.02194446842,90.99637889091417
4151.3425890124045,91.0374247493165
4165.712805655093,91.07861269136164
4180.132765994407,91.11994695968126
4194.602642222288,91.1612157802003
4209.122607126714,91.2024867827356
4223.692834093801,91.24390064826883
4238.31349710984,91.28545787133201
4252.984770763404,91.32162622260901
4267.706830247405,91.35448123189178
4282.479851361214,91.38744997151383
4297.304010512731,91.4205328351622
4312.179484720523,91.45263264820548
4327.106451615903,91.48252790966973
4342.08508944509,91.51252665606074
4357.115577071296,91.54262924560018
4372.198093976903,91.57219951887402
4387.3328202655675,91.59877931357929
4402.519936664403,91.62545111644819
4417.759624526125,91.65221524597463
4433.0520658312025,91.67762464792607
4448.397443190065,91.68744486278834
4463.795939845242,91.69532941067101
4479.247739673593,91.70324125157003
4494.753027188463,91.71118047996248
4510.311987541924,91.70601152962689
4525.9248065269485,91.69838102340292
4541.591670579664,91.69072410354885
4557.312766781548,91.68031311064348
4573.088282861689,91.66699814138265
4588.918407199,91.65373505491829
4604.803328824502,91.6404260571802
4620.743237423542,91.62674108384655
4636.7383233381,91.59302882413121
4652.788777569017,91.54886823430977
4668.894791778324,91.5045547789444
4685.056558291484,91.45771621040886
4701.274270099729,91.40203417630315
4717.548120862328,91.34057774154834
4733.878304908936,91.27890857024802
4750.26501724188,91.21689155657646
4766.708453538518,91.14680255118557
4783.208810153547,91.07782085492497
4799.766284121379,91.00860037280206
4816.381073158456,90.93914027823986
4833.053375665654,90.86372222231809
4849.78339073061,90.77609748614583
4866.571318130138,90.68816942968257
4883.417358332578,90.5947581326555
4900.321712500225,90.49969549115093
4917.284582491697,90.40556433191172
4934.30617086438,90.31133706569821
4951.38668087681,90.21249759597299
4968.526316491139,90.11116536841223
4985.7252823755325,90.00864490743285
5002.98378390665,89.90432755003904
5020.302027172061,89.79473555451337
5037.6802189727405,89.6847641972067
5055.118566825507,89.57549810683338
5072.617278965533,89.46699376043702
5090.176564348794,89.3551616322747
5107.796632654607,89.24079327324557
5125.477694288087,89.12354846469555
5143.219960382707,89.00035242336713
5161.023642802774,88.87468323195813
5178.888954146003,88.7473158575292
5196.816107746011,88.62049478336735
5214.8053176749045,88.49982003832204
5232.856798745817,88.37748147981716
5250.97076651546,88.25421422204474
5269.147437286735,88.13052026443694
5287.38702811127,88.00762641772465
5305.68975679206,87.88447000023505
5324.055841886017,87.76111057705685
5342.485502706632,87.63732413500509
5360.978959326544,87.51704238085253
5379.536432580213,87.39750274101274
5398.158144066516,87.27980710788464
5416.8443161514315,87.16176190155886
5435.595171970659,87.03873834988507
5454.410935432318,86.91301640977917
5473.291831219585,86.78966905829057
5492.238084793418,86.66589472971555
5511.249922395204,86.54027720078605
5530.327571049505,86.4149508721543
5549.471258566728,86.29150641233238
5568.681213545882,86.16763463927549
5587.957665377273,86.04568841399617
5607.30084424528,85.93340102534
5626.710981131063,85.82478602123213
5646.188307815363,85.71579503728006
5665.733056881231,85.60644568422863
5685.345461716842,85.49702969290703
5705.025756518242,85.38885286572477
5724.77417629219,85.28503556829997
5744.590956858915,85.1808588986906
5764.476334854984,85.08424792073014
5784.430547736075,84.98840201614982
5804.453833779861,84.89335195465867
5824.546432088814,84.80192838854485
5844.708582593099,84.71134189260076
5864.940526053395,84.62093825229324
5885.242504063819,84.53022167228761
5905.614759054764,84.44052544488034
5926.057534295836,84.36015113901058
5946.57107389872,84.2851374063886
5967.155622820132,84.20986400751028
5987.811426864706,84.13433004351931
6008.538732687973,84.05821313138767
6029.337787799255,83.9802099346577
6050.208840564677,83.9019367233934
6071.152140210077,83.82339256291715
6092.167936824033,83.75007779762925
6113.256481360802,83.69295282502296
6134.418025643365,83.63563010958661
6155.652822366382,83.57938529335276
6176.961125099257,83.52647614673
6198.3431882891455,83.4764654213847
6219.799267263974,83.42633182449183
6241.329618235533,83.38154987602373
6262.934498302486,83.33666508860617
6284.614165453489,83.28444229900977
6306.368878570223,83.23238512898482
6328.198897430536,83.18520983235861
6350.104482711491,83.1378712345309
6372.085895992533,83.09857119238569
6394.143399758558,83.0640396453046
6416.277257403105,83.03559907058542
6438.487733231443,83.00930233810018
6460.775092463781,82.98550010873879
6483.139601238387,82.9648155335103
6505.581526614811,82.94625560390932
6528.101136577027,82.93428870680768
6550.698700036686,82.92425721266329
6573.374486836269,82.91958768714795
6596.12876775237,82.91490199768282
6618.961814498865,82.91776547306375
6641.873899730226,82.92167904121362
6664.865297044707,82.92041747485814
6687.936280987677,82.91915154148609
6711.087127054833,82.92234412723408
6734.318111695558,82.93042058267365
6757.629512316155,82.94858345231823
6781.021607283223,82.96779743299518
6804.494675926917,82.98888028950637
6828.04899854435,83.01767280536058
6851.684856402876,83.05061473526624
6875.402531743509,83.08515742941968
6899.202307784232,83.11981969597355
6923.084468723443,83.16359554242996
6947.049299743285,83.21453185871194
6971.097087013113,83.27106950815482
6995.228117692851,83.3278028673599
7019.44267993648,83.39174286647071
7043.741062895422,83.45520343546889
7068.123556722049,83.51481435200432
7092.590452573089,83.57463161667086
7117.142042613164,83.639884781018
7141.77862001822,83.70844780959976
7166.500478979081,83.78061941620703
7191.307914704911,83.85304085081572
7216.201223426795,83.92918992278587
7241.180702401213,84.00758416281971
7266.246649913657,84.09288452153501
7291.399365282127,84.17848015451591
7316.63914886076,84.26577368258312
7341.966302043393,84.35409636673091
7367.38112726714,84.45406622267345
7392.883928016058,84.55658827730556
7418.475008824708,84.6579209869193
7444.154675281853,84.75900761229539
7469.923234034047,84.86241582626143
7495.780992789355,84.9672061665504
7521.728260320971,85.06514821711225
7547.765346470962,85.16202427939284
7573.892562153909,85.25591550166678
7600.11021936068,85.34652324809944
7626.418631162095,85.43282045314592
7652.818111712724,85.5050375458219
7679.308976254581,85.58474536872578
7705.891541120945,85.68159243650143
7732.566123740076,85.77877474843368
7759.333042639076,85.86568061093891
7786.192617447617,85.93200385202607
7813.1451689018295,85.99140696277816
7840.191018848068,86.05101570232438
7867.330490246816,86.11083078246594
7894.563907176478,86.15098011136368
7921.891594837319,86.18732891936354
7949.313879555273,86.22461594320735
7976.831088785917,86.26203203917643
8004.443551118307,86.29352707416956
8032.15159627897,86.29062914246092
8059.955555135776,86.28684145128975
8087.855759701956,86.28304064871145
8115.852543139997,86.27922668933985
8143.94623976569,86.2661898066163
8172.1371850520545,86.26221715996903
8200.425715633412,86.25823076167595
8228.812169309334,86.25423056413459
8257.296885048754,86.2482808346603
8285.880202993936,86.23037987734452
8314.562464464607,86.21241695438044
8343.344011961968,86.19439185126888
8372.225189172856,86.17798959198677
8401.206340973766,86.15901777494491
8430.287813435049,86.13694651750065
8459.469953824975,86.11479885856838
8488.753110613945,86.09378821735237
8518.137633478584,86.09596020962428
8547.623873305984,86.09779634931068
8577.212182197833,86.09963884494687
8606.902913474676,86.10148771853451
8636.696421680079,86.12843548732863
8666.59306258491,86.1615159589165
8696.593193191571,86.19471094130012
8726.69717173823,86.22802083086813
8756.905357703157,86.2792215529515
8787.218111808957,86.34522867075631
8817.635796026943,86.41146427767339
8848.158773581377,86.4779291646367
8878.787408953895,86.56915912358076
8909.52206788778,86.67284034199871
8940.363117392397,86.77688046155252
8971.310925747513,86.88128072460819
9002.365862507762,86.99056941725463
9033.528298506983,87.12170139509684
9064.798605862725,87.25328729715515
9096.177157980617,87.38532869472583
9127.664329558896,87.51256402391887
9159.260496592817,87.60240194417561
9190.966036379203,87.69255084584358
9222.781327520892,87.78301180541074
9254.706749931318,87.8761809508968
9286.742684838984,87.82734341414255
9318.889514792083,87.77437191861907
9351.14762366299,87.72121705787092
9383.51739665293,87.66957135128419
9415.999220296488,87.5210388260491
9448.593482466316,87.34366010641489
9481.300572377679,87.16566737563272
9514.120880593176,86.99343590978685
9547.05479902734,86.79508541687207
9580.102720951385,86.57495466893079
9613.265040997821,86.35406192015012
9646.542155165262,86.14476300261504
9679.934460823053,85.94622900224948
9713.442356716112,85.75770287184372
9747.066242969606,85.56852414260314
9780.806521093804,85.3937427401957
9814.663593988798,85.22806893917016
9848.637865949398,85.08543923551917
9882.729742669864,84.94362672161722
9916.939631248848,84.8164365995928
9951.267940194164,84.6920387427497
9985.715079427751,84.60400763850672
10020.281460290485,84.5263443680337
10054.967495547176,84.4559553272054
10089.773599391401,84.38532262887495
10124.700187450571,84.34307370034296
10159.747676790772,84.30928388001865
10194.91648592181,84.28967467907577
10230.207034802208,84.26999759925764
10265.619744844176,84.2845746698558
10301.155038918752,84.31289114511725
10336.813341360688,84.35695940253815
10372.595077973692,84.40118020588672
10408.500676035359,84.4536042524968
10444.53056430237,84.51406905177036
10480.685173015574,84.58246101373999
10516.964933905141,84.65108972015773
10553.370280195684,84.73396726418477
10589.901646611532,84.84151279211915
10626.55946938175,84.94577504098302
10663.344186245544,85.04900348730173
10700.256236457317,85.15779608097637
10737.296060792014,85.28971850280516
10774.464101550358,85.40685049684018
10811.760802564133,85.51644289998163
10849.18660920146,85.62658106049037
10886.741968372207,85.75888990162973
10924.427328533166,85.86445352118147
10962.243139693592,85.9555667911
11000.189853420414,86.04699545715837
11038.267922843723,86.14837551765277
11076.477802662155,86.23049550009375
11114.819949148323,86.28430564000126
11153.294820154244,86.33830204817049
11191.902875116897,86.32418495025549
11230.644575063545,86.23535174208057
11269.52038261743,86.13618892084918
11308.530762003134,86.03668283928853
11347.676179052212,85.8555313689277
11386.957101208734,85.5780339639248
11426.373997534869,85.2798633995967
11465.927338716456,84.98066069313309
11505.617597068724,84.6709672436134
11545.445246541767,84.34658522974709
11585.410762726393,84.0210803406386
11625.514622859631,83.69444868936233
11665.757305830535,83.3745999316068
11706.139292185866,83.11574769093838
11746.661064135846,82.88540668670078
11787.323105559875,82.66960968384373
11828.125902012422,82.48775011142067
11869.069940728641,82.4336920756179
11910.155710630388,82.38739009377628
11951.383702331894,82.34092783378466
11992.75440814571,82.294304740827
12034.268322088576,82.3032986517564
12075.925939887276,82.3391003858357
12117.72775898468,82.38910770175991
12159.674278545488,82.43928812215528
12201.765999462405,82.48014431303204
12244.003424361943,82.49988521042582
12286.387057610518,82.51969444257303
12328.917405320459,82.5395722460201
12371.59497535604,82.53388342544457
12414.420277339525,82.48728845947906
12457.393822657352,82.42318604820844
12500.516124466067,82.3587303473056
12543.78769769865,82.27052170033187
12587.20905907049,82.13676798957434
12630.780727085652,82.00255127925482
12674.503222043048,81.8658460821986
12718.377066042643,81.7273435234281
12762.402782991676,81.59484226183035
12806.580898611004,81.46517669636671
12850.911940441216,81.3539483850744
12895.396437849122,81.2423350477583
12940.034922033903,81.13003715772888
12984.82792603356,81.017302315175
13029.775984731246,80.90417723161454
13074.879634861654,80.79066055619586
13120.13941501741,80.71287656313537
13165.555865655593,80.66188682752589
13211.12952910402,80.63445709817591
13256.860949567927,80.6196374796852
13302.750673136274,80.6170344856209
13348.799247788385,80.62655305272531
13395.007223400466,80.63610456913915
13441.375151752154,80.65587964191997
13487.903586533097,80.69030209353917
13534.593083349662,80.75268927284476
13581.444199731392,80.81529241054525
13628.457495137867,80.86699391084827
13675.633530965204,80.91525009802021
13722.972870552867,80.98515227250056
13770.476079190363,81.05529641915486
13818.143724123998,81.10736996228599
13865.97637456362,81.12972056370498
13913.97460168953,81.17849808385347
13962.138978659099,81.22835660537524
14010.470080613848,81.26070074872416
14058.968484686113,81.22897733913865
14107.634770006045,81.17284885883791
14156.469517708507,81.10996776640238
14205.473310940008,81.04686900585064
14254.646734865633,80.98355182370652
14303.99037667613,80.79647026317025
14353.504825594851,80.46467698903767
14403.190672884737,80.13173518497106
14453.048511855462,79.79764087523883
14503.078937870498,79.39280745136878
14553.282548354206,78.86248636222868
14603.659942798959,78.33032952265933
14654.211722772408,77.79633057805773
14704.938491924466,77.24999221569624
14755.840855994744,76.67025756657421
14806.919422819585,76.08729976734604
14858.174802339434,75.50232401135118
14909.6076066061,74.91745068789626
14961.218449790058,74.3579440435492
15013.007948187753,73.80585640517597
15064.976720229084,73.27984731093837
15117.125386484577,72.75201739259943
15169.454569673031,72.26413978080271
15221.964894668752,71.77957200479227
15274.656988509127,71.32355785388542
15327.531480402085,70.90045693370982
15380.589001733613,70.48931983838648
15433.830186075256,70.08213620367773
15487.255669191823,69.67354306904944
15540.86608904874,69.32065237168896
15594.662085819935,68.98455706009995
15648.644301895256,68.64742262322861
15702.813381888267,68.30912116754547
15757.169972643915,67.97725153457039
15811.714723246256,67.69680477676718
15866.448285026168,67.41965656805098
15921.37131156927,67.14154898782621
15976.484458723484,66.86247871514922
16031.788384607138,66.59683580550113
16087.283749616592,66.38101885909292
16142.971216434258,66.164454844427
16198.851450036474,65.94714117546467
16254.925117701452,65.72394317621789
16311.192889017208,65.47678733191917
16367.655435889692,65.22880886813611
16424.313432550578,64.97997200633597
16481.16755556559,64.7302737751025
16538.21848384233,64.49406496873917
16595.466898638533,64.24076558199873
16652.913483570166,63.986589378424966
16710.55892461958,63.73153332284371
16768.403910143694,63.42080917661784
16826.449130882313,63.020615870871495
16884.695279966178,62.61903726280949
16943.143052925483,62.21606855709254
17001.79314769796,61.82886144457771
17060.646264637344,61.37303462312638
17119.7031065217,60.91562991933086
17178.96437856179,60.45664187122085
17238.43078840962,60.00236060789817
17298.103046166652,59.510701699034705
17357.981864392565,59.0048504699223
17418.067958113515,58.49724819483009
17478.36204483082,57.98979283094525
17538.864844529486,57.4719380967117
17599.577079686806,56.93832866024545
17660.49947528095,56.40287209046298
17721.632758799777,55.865561993358455
17782.97766024925,55.34086914554611
17844.534912162457,54.80700612297458
17906.305249608107,54.27129508927713
17968.289410199435,53.73372964741006
18030.488134103,53.28541901384256
18092.902164047497,52.865685443280654
18155.5322453326,52.44449893015601
18218.379125838026,52.02185444498691
18281.443556032173,51.596133034527796
18344.72628898141,51.1711421735531
18408.228080358786,50.74468017146863
18471.949688453216,50.31674193579748
18535.891874178502,49.87510593758419
18600.055401082398,49.38824237585962
18664.441035355714,48.89969349554083
18729.049545841608,48.40945346275717
18793.881704044492,47.89545756858128
18858.938284139567,47.16745235823353
18924.22006298178,46.436927097476726
18989.727820115277,45.70387306294735
19055.462337782647,45.052864005217074
19121.424400934284,44.20325811001989
19187.614797237715,43.35071123355917
19254.03431708716,42.50452830443945
19320.683753612695,41.79996030501403
19387.563902690043,41.5905881311823
19454.67556294979,41.46687408375455
19522.019535787094,41.37383583748064
19589.59662537121,41.34472091389827
19657.40763865509,41.459716848031206
19725.453385384983,41.645160834331634
