X,Y
20.000000000000004,78.8045
20.0692316585999,78.82896193424509
20.138702968327422,78.85350854550418
20.208414758754824,78.8781401268938
20.278367862325986,78.9028569725451
20.34856311436637,78.93138249956921
20.419001353092984,78.96167084126051
20.48968341962439,78.99206402855839
20.560610157990762,79.02256242439461
20.631782415143945,79.05560309033959
20.703201040967574,79.09178852742357
20.774866888287242,79.12809922339888
20.846780812880652,79.16453561185953
20.918943673487863,79.20245572131475
20.991356331821535,79.24433423578935
21.06401965257721,79.28635771621477
21.136934503443648,79.32852666440269
21.210101755113186,79.37136350753885
21.283522281292143,79.4176186703074
21.357196958711228,79.46403394915782
21.43112666713604,79.51201055284321
21.505312289377557,79.56208597304479
21.579754711302677,79.61233473346614
21.654454821844798,79.66275743413883
21.729413513014443,79.71335467717145
21.804631679909882,79.76424285972263
21.880110220727886,79.81707757412164
21.95585003677436,79.87009518026616
22.03185203247519,79.92313716257026
22.108117115386978,79.97614139519396
22.18464619620793,80.02932910636451
22.261440188788697,80.08270093120814
22.33850001014331,80.1362575070496
22.415826580460113,80.18955101847001
22.49342082311276,80.24128034114071
22.57128366467124,80.29318872915172
22.64941603491294,80.34527680235263
22.727818866833744,80.3962934981933
22.806493096659192,80.44520280743248
22.885439663855635,80.49428142030166
22.964659511141466,80.54352992285936
23.04415358449838,80.59044685839778
23.123922833182657,80.63551663413699
23.20396820973652,80.68074242264254
23.28429066999949,80.7261247639656
23.364891173119798,80.76820305123613
23.445770681565858,80.80958626178032
23.52693016113774,80.85111272373973
23.60837058097872,80.89230861434532
23.690092913586827,80.92949227568201
23.772098134826493,80.96680465134605
23.854387223940172,81.00424618689277
23.93696116356005,81.04181732941981
24.01982093971978,81.07859357736416
24.10296754186625,81.11254521974611
24.186401962871393,81.14661438855379
24.270125199044063,81.18080149061463
24.354138250141915,81.21330211729263
24.43844211938334,81.2449159101892
24.523037813459467,81.2766391368516
24.607926342546158,81.30847217609393
24.693108720316086,81.34041540804148
24.77858596395084,81.37050482906555
24.864359094153063,81.40052552470532
24.950429135158647,81.43065013947265
25.036797114748957,81.46005105508029
25.123464064263118,81.48843448104617
25.21043101861031,81.51691615859488
25.29769901628215,81.5454964278324
25.385269099365058,81.57417563004205
25.473142313552746,81.60066846456115
25.56131970815867,81.62679108301971
25.649802336128563,81.6530041270884
25.738591254053063,81.67930790978299
25.827687522180195,81.70466436929227
25.917092204428215,81.72779771515722
26.006806368398166,81.75101113901732
26.096831085386697,81.77430491806922
26.18716743039883,81.79767933046904
26.277816482160816,81.81811946314026
26.368779323133005,81.83813135486044
26.460057039522763,81.8582125194034
26.551650721297467,81.87649082003841
26.643561462197496,81.89337941867879
26.73579035974931,81.91032647860393
26.82833851527854,81.92733220218243
26.92120703392315,81.94357500966882
27.014397024646637,81.95708751328206
27.107909600251258,81.97064679154713
27.201745877391332,81.98420284250385
27.29590697658657,81.99514909765094
27.39039402223545,82.00613324416798
27.485208142628654,82.01715541321911
27.580350469962536,82.0282157364225
27.675822140352633,82.03685010425454
27.771624293847253,82.0448735346097
27.867758074441067,82.05292473873445
27.96422463008878,82.06100381276994
28.061025112718838,82.06741740631225
28.15816067824718,82.07285699798184
28.255632486591054,82.0783154192491
28.353441701682847,82.08379273529424
28.451589491483997,82.0892890115231
28.55007702799894,82.09330200272797
28.648905487289102,82.09587154266951
28.74807604948694,82.09844997728666
28.84758989881004,82.10103733736906
28.94744822357525,82.10363365381295
29.04765221621289,82.10509530443241
29.14820307328096,82.10529640614655
29.249101995479457,82.10549820399096
29.350350187664684,82.10570070037534
29.451948858863677,82.10590389771772
29.553899222288603,82.10513761244339
29.656202495351266,82.10350076007438
29.758859899677645,82.10185824160516
29.86187266112248,82.10021003742204
29.965242009783903,82.09855612784347
30.068969180018136,82.09644819344959
30.173055410454214,82.09410625326478
30.277501944008847,82.0917562062598
30.3823100279011,82.08939802437223
30.48748091366751,82.0872503875587
30.59301585717679,82.08513969572414
30.698916118645073,82.08302169755477
30.805182962650704,82.08207965552594
30.911817658149584,82.08114659960769
31.01882147849015,82.08021031383899
31.12619570142865,82.07969646776071
31.233941609144395,82.08050456206857
31.34206048825507,82.08131545366192
31.45055362983208,82.08212915222374
31.559422329415995,82.08422324755307
31.668667887032,82.08739136872393
31.77829160720543,82.09057045660896
31.88829479897733,82.09376054917036
31.998678775920116,82.09696168450168
32.10944485615323,82.10247224280766
32.2205943623589,82.10802971811795
32.332128621797935,82.11360643108989
32.444048966325546,82.11920244831629
32.556356732407295,82.12532504721203
32.669053261135026,82.13197414240696
32.78213989824286,82.13864625399633
32.89561799412333,82.14534146165327
33.00948890384341,82.15201240080755
33.12375398716082,82.15818271530668
33.23841460854012,82.16437438886116
33.353472137169135,82.17058749540713
33.46892794697522,82.17682210913667
33.5847834166417,82.18180655324903
33.70103992962432,82.18634055725535
33.81769887416778,82.19089025609254
33.93476164332231,82.19545570408957
34.052229634960284,82.19899236306425
34.17010425179293,82.20123198078406
34.28838690138708,82.20347935112636
34.40707899618198,82.20573450092746
34.526181953506146,82.207447636093
34.6456971955943,82.20720860560881
34.765626149604344,82.20696874770078
34.8859702476344,82.20672805950474
35.00673092673992,82.20637884331867
35.127909628950846,82.20419762667888
35.24950780128883,82.20200885957681
35.37152689578449,82.19981251587588
35.493968369494795,82.1976085693491
35.616833684520415,82.19481282525604
35.7401243080232,82.19197714091547
35.86384171224376,82.1891316406184
35.98798737451889,82.18627629038606
36.11256277729941,82.18363618167672
36.237569408167666,82.18101104242848
36.3630087598555,82.17837681604303
36.48888233026185,82.1757334710645
36.615191622470896,82.1743480837753
36.74193814476971,82.17308061855229
36.869123410666575,82.17180876589333
36.996748938908816,82.17053251061091
37.12481625350105,82.1716233462815
37.25332688372337,82.17277994195351
37.38228236414958,82.17394054127735
37.51168423466557,82.17538391001915
37.64153404048765,82.17965039754404
37.77183333218102,82.18393165386931
37.90258366567831,82.18822773011838
38.03378660229813,82.19253867759168
38.16544370876371,82.19686454776716
38.29755655722165,82.2038533334333
38.430126725260635,82.21180754351565
38.56315579593034,82.21978928775582
38.69664535776027,82.22779866146561
38.83059700477875,82.23877418386198
38.965012336532006,82.24986346259323
39.09989295810319,82.26099112778243
39.23524048013159,82.2721573123075
39.37105651883186,82.28336214950632
39.5073426960133,82.29474161229734
39.644100639099285,82.30855416454904
39.781331981146586,82.32241453009581
39.91903836086499,82.33632287444736
40.057221422636765,82.35065132343786
40.19588281653639,82.36555747296924
40.33502419835019,82.38051522137337
40.47464722959613,82.39552474726408
40.61475357754367,82.4106354016674
40.755344915233636,82.42621753035074
40.896422921498264,82.44185359786474
41.03798928098117,82.45754379092313
41.180045684157534,82.47328829688597
41.322593827354225,82.48867877286982
41.465635412770105,82.50405579455875
41.60917214849634,82.51948604508351
41.75320574853679,82.53496970870006
41.89773793282849,82.54942481220158
42.04277042726215,82.56341006847161
42.188304963702876,82.57744373586601
42.33434328001063,82.59152598196391
42.480887120061276,82.60565697492453
42.6279382337671,82.61805493946892
42.775498377098,82.6302286918729
42.923569312102174,82.64244458473038
43.07215280692742,82.65470276391406
43.22125063584199,82.66478033856484
43.37086457925607,82.67438051859966
43.52099642374272,82.68401393045383
43.67164796205952,82.69368068916205
43.82282099316973,82.70085143491464
43.97451732226391,82.70746105124
44.12673876078142,82.71409354730042
44.27948712643209,82.72074900229597
44.43276424321787,82.72668254900887
44.58657194145468,82.72988688673661
44.74091205779421,82.73310231654511
44.895786435245874,82.73632887683056
45.051196923198816,82.7387047876928
45.207145377444,82.73932858150977
45.363633660196356,82.73995453464079
45.520663640117036,82.74023432500661
45.6782371923357,82.73820838222942
45.83635619847295,82.7361754264833
45.995022546662746,82.73413543349228
46.154238131575006,82.73208837889635
46.31400485443818,82.72826988002384
46.47432462306201,82.72372747143814
46.635199351860244,82.71916933892842
46.79663096187355,82.714595428065
46.958621380792444,82.70826841537112
47.12117254298028,82.70188248597937
47.28428638949641,82.69547445116342
47.44796486811928,82.68904423440355
47.61220993336976,82.68162996086022
47.777023546534444,82.67374246349806
47.94240767568909,82.66582766290965
48.10836429572211,82.65788546458263
48.27489538835816,82.64953059741703
48.44200294218179,82.64067389706436
48.60968895266121,82.63178653850895
48.7779554221721,82.62265683125494
48.946804360021545,82.61324954672801
49.11623778247199,82.60380969810555
49.28625771276537,82.59433717266424
49.456866181147205,82.58473029868503
49.62806522489091,82.5748863208565
49.79985688832204,82.56500826728237
49.97224322284287,82.5550960200066
50.145226286956586,82.54533101114745
50.31880814629227,82.53556701935483
50.49299087362914,82.5257692286949
50.66777654892171,82.51593752217005
50.843167259324225,82.50624908683653
51.019165099216,82.49707206972363
51.195772170226014,82.48786328560496
51.3729905812584,82.47862262451635
51.550822448517245,82.46964038968972
51.729269895532234,82.46135534148553
51.908335053183706,82.45304161389987
52.08802005972826,82.44469910765675
52.26832706082425,82.4370231771991
52.449258209557385,82.43046441485906
52.63081566646648,82.42388294881928
52.81300159956923,82.41727870048899
52.99581818438809,82.41065159100542
53.179267603976285,82.40702668583131
53.36335204894384,82.40346004525178
53.548073717483774,82.39988105845008
53.73343481539832,82.39628968268876
53.919437556125295,82.39491468686751
54.1060841607645,82.39478136805465
54.293376858104274,82.39464758774766
54.481317884648064,82.39451334434905
54.66990948464119,82.39789818483828
54.85915391009759,82.40168306794044
55.049053420826745,82.40548105272931
55.23961028446065,82.41018339669382
55.43082677648091,82.41831010776308
55.62270518024589,82.42646495011664
55.81524778701797,82.43464802113328
56.00845689599094,82.44307506892739
56.20233481431745,82.45625876737358
56.39688385713656,82.46948810228528
56.59210634760132,82.4827632316369
56.78800461690663,82.49608431394965
56.98458100431699,82.50945150829355
57.181837857194445,82.5267744882189
57.37977753102665,82.54449008902688
57.57840238945495,82.56226701385621
57.77771480430266,82.58010547498509
57.97771715560335,82.5980056854265
58.17841183162926,82.61801959499456
58.37980122891984,82.6383599241209
58.58188775231034,82.65877066298334
58.78467381496064,82.67925205531103
58.988161838383796,82.69980434567677
59.19235425247535,82.72023542524754
59.3972534955419,82.7407253495542
59.602862014330675,82.76128620143307
59.80918226405829,82.78191822640582
60.01621670844054,82.80248991195037
60.223967819721324,82.82157706915824
60.43243807870266,82.84073029814368
60.64162997477384,82.85994982761963
60.851546005941614,82.87855011610952
61.06218867885955,82.89510058819528
61.27356050885842,82.91170835111267
61.48566401997589,82.92837360317867
61.69850174498684,82.94254438175003
61.912076225433545,82.95657925612954
62.12639001165605,82.97066271339067
62.3414456628226,82.98274904803097
62.557245746960234,82.99380881616773
62.77379284098541,83.00490686860908
62.9910895307348,83.01604333787932
63.20913841099617,83.02340156756287
63.42794208553936,83.03062208882281
63.64750316714736,83.03786760451587
63.86782427764756,83.04513820116237
64.08890804794298,83.05092252876709
64.31075711804374,83.05447211388869
64.53337413709862,83.05803398619358
64.75676176342657,83.06160818821482
64.98092266454859,83.06519476263279
65.20585951721951,83.06611757855165
65.43157500745995,83.06679472502239
65.65807183058847,83.06747421549176
65.88535269125362,83.06815605807375
66.11342030346634,83.067649347724
66.3422773906324,83.06593291957026
66.5719266855848,83.0642105498581
66.80237093061649,83.06248221802038
67.03361287751311,83.06054622615358
67.26565528758579,83.05741365361759
67.49850093170421,83.054270237422
67.73215259032965,83.05111594003056
67.9666130535481,83.0479507237771
68.20188512110387,83.04406795294125
68.43797160243253,83.04005448275865
68.67487531669501,83.0360271196162
68.91259909281078,83.03198581542222
69.15114576949206,83.02747708461015
69.3905181952773,83.02268963609446
69.6307192285656,83.01788561542868
69.87175173765043,83.013064965247
70.11361860075436,83.00822762798492
70.35632270606287,83.00337354587874
70.59986695175942,82.99850266096482
70.8442542460595,82.99361491507881
71.08948750724592,82.98875499360871
71.33556966370305,82.9839563915578
71.58250365395243,82.97914117874794
71.83029242668721,82.9743092976796
72.078938940808,82.96950016012465
72.3284461654576,82.9647595228563
72.57881708005705,82.96000247547892
72.83005467434056,82.95522896118753
73.08216194839189,82.95056216590314
73.33514191267953,82.9461350165281
73.58899758809325,82.94169254220837
73.84373200597959,82.93723468989535
74.09934820817861,82.93286075456506
74.35584924705978,82.92862848742351
74.61323818555869,82.92438156993829
74.87151809721345,82.92011995139599
75.13069206620158,82.91620297959719
75.39076318737663,82.91262699274105
75.65173456630535,82.90903862730987
75.91360931930457,82.90543784045417
76.17639057347857,82.90182458917613
76.44008146675635,82.89882214097355
76.7046851479291,82.89587079903279
76.9702047766878,82.89290924077716
77.23664352366099,82.88993743084202
77.5040045704526,82.88696611525128
77.77229110967993,82.88469600361962
78.04150634501178,82.88241803380829
78.31165349120677,82.88013217861553
78.5827357741516,82.87783841074547
78.8547564308997,82.87565779020136
79.12771870970981,82.87395177169374
79.40162587008479,82.87223984766159
79.6764811828105,82.87052199766242
79.95228792999498,82.86879820118304
80.22904940510749,82.86754562509279
80.50676891301788,82.86638845758357
80.78544977003627,82.86522728444305
81.06509530395215,82.86406209180544
81.34570885407476,82.86310769975972
81.62729377127232,82.8623495882706
81.90985341801267,82.8615888525157
82.1933911684028,82.86082548341088
82.47791040822979,82.8600594718406
82.76341453500052,82.85929080865775
83.04990695798301,82.85851948468354
83.33739109824639,82.85774549070743
83.62587038870242,82.856968817487
83.91534827414587,82.85621163609372
84.20582821129628,82.85548543443534
84.49731366883854,82.8547567189697
84.78980812746507,82.85402548099503
85.08331507991659,82.85329171177949
85.37783803102465,82.85255540256094
85.67338049775267,82.85181654454698
85.9699460092387,82.85107512891472
86.26753810683681,82.85029218168931
86.56616034416017,82.8493733461564
86.86581628712267,82.84845132999808
87.16650951398229,82.84752612220439
87.46824361538307,82.84659771172718
87.77102219439872,82.8454159112224
88.07484886657505,82.84420060453371
88.37972725997348,82.84298109096011
88.6856610152142,82.841633581929
88.99265378551978,82.84020094900092
89.30070923675868,82.83876335689513
89.60983104748908,82.83732078844506
89.9200229090028,82.83587322642465
90.23128852536935,82.83424718402222
90.54363161348022,82.83255532139862
90.85705590309318,82.83085760225225
91.17156513687692,82.82915400631026
91.48716307045565,82.82734327649365
91.803853472454,82.8255162206984
92.121640124542,82.823682840398
92.44052682148025,82.82184311369966
92.76051737116521,82.81989681987709
93.08161559467473,82.8179208353693
93.40382532631361,82.81593801082727
93.7271504136594,82.81394832257365
94.05159471760838,82.81182271768941
94.37716211242166,82.8096522629645
94.70385648577137,82.8074742950306
95.0316817387872,82.80528878788006
95.36064178610285,82.80309571541527
95.69074055590303,82.80089505144826
96.02198198996986,82.79868676970045
96.35437004373067,82.79649064012028
96.68790868630441,82.79430981556689
97.02260190054987,82.79212144190846
97.35845368311246,82.78992549301313
97.69546804447266,82.7877971225022
98.03364900899322,82.78571601367693
98.37300061496792,82.78362770092089
98.71352691466902,82.78153215929706
99.05523197439648,82.7792984692502
99.39811987452568,82.7770125442012
99.74219470955697,82.77471870623305
100.08746058816375,82.77244608294163
100.43392163324232,82.77025182965613
100.78158198196034,82.76804998078092
101.13044578580704,82.76584051002322
101.4805172106419,82.76362339099927
101.83180043674537,82.76139859723395
102.1842996588678,82.7591661021605
102.53801908628047,82.75692587912022
102.89296294282498,82.75467790136211
103.24913546696452,82.75257637079396
103.60654091183363,82.75053405688374
103.9651835452898,82.74848467333453
104.32506764996401,82.74642819567421
104.68619752331175,82.74439014816906
105.04857747766447,82.74235175837784
105.41221184028133,82.74030631253132
105.77710495340071,82.73825378620435
106.14326117429174,82.73628369412853
106.5106848753066,82.73444657562347
106.87938044393297,82.73260309778033
107.24935228284617,82.73075323858578
107.62060480996153,82.72893717755352
107.99314245848737,82.72719866852705
108.36696967697812,82.72545414150744
108.74209092938727,82.72370357566285
109.11851069512045,82.72209261897629
109.49623346908909,82.72079419531775
109.87526376176437,82.71949127705803
110.25560609923083,82.7181838486387
110.63726502324023,82.71689352294285
111.02024509126593,82.71579929574025
111.40455087655766,82.71470128077942
111.79018696819575,82.71359946494877
112.17715797114586,82.71260631627581
112.56546850631406,82.71174340541363
112.95512321060234,82.71087750751393
113.34612673696368,82.71000861223683
113.73848375445733,82.70913670920669
114.13219894830532,82.708723169351
114.52727701994749,82.70839393680154
114.9237226870986,82.70806356458633
115.32154068380368,82.70785384494442
115.7207357604955,82.7076723923894
116.12131268405041,82.7074903117213
116.52327623784619,82.70730760076589
116.92663122181813,82.70712425734135
117.33138245251745,82.707
117.73753476316772,82.707
118.14509300372364,82.70708370756654
118.55406204092793,82.70731965142335
118.96444675837041,82.70755641201939
119.37625205654543,82.70779399218185
119.78948285291119,82.70803239474776
120.20414408194767,82.7082716225639
120.62024069521645,82.70851445904736
121.03777766141883,82.70881269931144
121.45675996645618,82.70911197195893
121.87719261348849,82.70941228056353
122.29908062299509,82.70964241947992
122.72242903283366,82.7098440141528
123.14724289830129,82.71004630666235
123.57352729219393,82.71024929942419
124.00128730486777,82.71045299486232
124.43052804429976,82.71068362739433
124.86125463614822,82.7109229194136
125.29347222381439,82.71109782407461
125.72718596850407,82.71124239532284
126.162401049289,82.71138746701644
126.59912266316846,82.7115
127.03735602513154,82.7115
127.47710636821976,82.7115
127.9183789435892,82.7115
128.36117902057302,82.71165479100881
128.80551188674457,82.71184521938004
129.25138284798092,82.71203630693485
129.6987972285258,82.71222805595508
130.14776037105298,82.71242046873044
130.59827763673042,82.7126135475586
131.0503544052844,82.71280729474512
131.50399607506358,82.71300399607506
131.9592080631032,82.7134592080631
132.41599580519002,82.71370799790259
132.87436475592747,82.71393718237796
133.33432038880056,82.71416716019439
133.79586819624083,82.71439793409812
134.25901368969286,82.71469426026727
134.72376239967898,82.71504282179976
135.1901198758665,82.7153925899069
135.65809168713267,82.71574356876535
136.12768342163258,82.71609576256623
136.5989006868646,82.71644917551515
137.0717491097384,82.7168038118323
137.54623433664113,82.71715967575247
138.022362033506,82.71751118101675
138.50013788587867,82.71775006894293
138.97956759898645,82.71798978379948
139.4606568978051,82.7182303284489
139.9434115271285,82.71847170576356
140.42783725163596,82.71871391862581
140.9139398559624,82.71895696992797
141.40172514476606,82.7192008625724
141.8911989427991,82.7194455994714
142.3823670949759,82.71969118354748
142.87523546644422,82.71993761773322
143.3698099426538,82.72
143.86609642942796,82.72
144.364100853033,82.72
144.86382916025,82.72
145.36528731844473,82.72
145.86848131564,82.72
146.37341716058657,82.72
146.88010088283474,82.72
147.38853853280662,82.72
147.8987361818686,82.71984050552726
148.41069992240364,82.71963572003104
148.92443586788372,82.71943022565284
149.43995015294303,82.71922401993882
149.95724893345167,82.71901710042661
150.47633838658876,82.71880946464536
150.997224710916,82.71860111011563
151.51991412645182,82.71839203434942
152.04441287474617,82.7181822348501
152.57072721895454,82.71795756366862
153.09886344391268,82.71764068193366
153.62882785621167,82.71732270328627
154.16062678427377,82.71700362392943
154.6942665784276,82.71668344005295
155.22975361098364,82.71645404927779
155.76709427631067,82.71634658114473
156.30629499091236,82.71623874100182
156.84736219350373,82.7161305275613
157.39030234508758,82.71602193953098
157.93512192903196,82.71582595122838
158.4818274511481,82.71560726901954
159.03042543976747,82.7153878298241
159.5809224458195,82.71516763102167
160.13332504291088,82.71497333499141
160.68763982740265,82.71486247203453
161.24387341849044,82.7147512253163
161.80203245828207,82.71463959350834
162.36212361187822,82.71452757527763
162.92415356745073,82.71458483071349
163.48812903632376,82.71469762580728
164.05405675305263,82.71481081135062
164.62194347550547,82.7149243886951
165.1917959849428,82.71496164080301
165.76362108609956,82.71484727578277
166.33742560726526,82.71473251487855
166.91321640036674,82.71461735671993
167.4910003410487,82.71450179993178
168.07078432875713,82.71472831373151
168.65257528682034,82.71496103011472
169.23638016253295,82.71519455206501
169.8222059272376,82.7154288823709
170.4100595764095,82.71549999999999
170.99994812973853,82.71549999999999
171.59187863121434,82.71549999999999
172.18585814921002,82.71549999999999
172.78189377656594,82.7155
173.379992630675,82.7155
173.9801618535679,82.7155
174.58240861199803,82.7155
175.1867400975268,82.7155
175.79316352660976,82.7155
176.40168614068318,82.7155
177.01231520625018,82.7155
177.6250580149671,82.715474988397
178.23992188373097,82.71535201562325
178.85691415476722,82.71522861716906
179.476042195717,82.71510479156086
180.09731339972484,82.71496107464012
180.7207351855272,82.7147117059258
181.34631499754144,82.71446147400098
181.9740603059545,82.71421037587763
182.60397860681155,82.71397920427864
183.23607742210595,82.71385278451558
183.87036429986944,82.71372592714002
184.5068468142619,82.71359863063714
185.14553256566143,82.71344178697373
185.78642918075542,82.71318542832769
186.42954431263215,82.71292818227494
187.07488564087157,82.71267004574364
187.72246087163666,82.71241101565136
188.37227773776664,82.7121510889049
189.02434399886786,82.71189026240046
189.67866744140792,82.71162853302343
190.33525587880717,82.71129884647272
190.99411715153357,82.71090352970907
191.65525912719465,82.71050684452368
192.3186897006332,82.71010878617962
192.9844167940198,82.70961246656478
193.6524483569491,82.70907804131443
194.32279236653312,82.70854176610678
194.99545682749817,82.708003634538
195.6704497722787,82.70746364018217
196.34777926111494,82.7069217765911
197.0274533821475,82.70637803729429
197.7094802515156,82.70583241579878
198.3938680134523,82.70528490558924
199.08062484038345,82.7047355001277
199.76975893302352,82.70418419285357
200.4612785204754,82.70361560123294
201.1551918603267,82.7030373401164
201.85150723875014,82.70245707730103
202.55023297060166,82.70187480585783
203.25137739951927,82.70133241506699
203.9549488980233,82.70086336740131
204.66095586761656,82.70039269608824
205.36940673888446,82.6999203955074
206.08030997159506,82.69944646001892
206.79367405480068,82.69897088396345
207.5095075069396,82.69849366166204
208.22781887593737,82.69801478741604
208.9486167393085,82.69753425550712
209.67190970425924,82.69738801504928
210.39770640779082,82.69726704893203
211.1260155168022,82.69714566408052
211.85684572819312,82.69702385904529
212.59020576896827,82.69729510288448
213.32610439634215,82.69766305219817
214.06455039784294,82.69804034399864
214.80555259141724,82.69850347036963
215.5491198255357,82.69896819989096
216.2952609792991,82.69943453811206
217.04398496254393,82.69990249060159
217.79530071594846,82.70037206294747
218.54921721113976,82.70118652151393
219.3057434508015,82.70213217931351
220.06488846878074,82.70310544376176
220.8266613301956,82.70434332466156
221.59107113154386,82.70558549058876
222.35812700081198,82.70683195637632
223.12783809758375,82.70808273690858
223.9002136131491,82.70933784712136
224.6752627706145,82.71107561313144
225.45299482501323,82.71289032125836
226.23341906341585,82.71471131114797
227.01654480504027,82.7165441194801
227.8023814013637,82.71863968373697
228.59093823623473,82.72074250196329
229.3822247259849,82.72285259926929
230.17625031954074,82.72499937590537
230.97302449853674,82.72725690274586
231.77255677743028,82.72952224420271
232.57485670361243,82.7317954273269
233.37993385752355,82.73413980157257
234.18779785276797,82.7365633935583
234.9984583362283,82.73899537500868
235.81192498818024,82.74143577496454
236.62820752240845,82.74396314850753
237.44731568632318,82.74652286151976
238.26925926107617,82.74909143519086
239.09404806167697,82.75166890019274
239.92169193711052,82.75425528730347
240.7522007704554,82.7566312355163
241.58558447900123,82.75899248935718
242.42185301436672,82.76136191687405
243.26101636261885,82.76378304908786
244.10308454439277,82.76630925363318
244.94806761501087,82.76884420284503
245.79597566460234,82.77138792699381
246.64681881822423,82.77394045645467
247.5006072359828,82.77625151808996
248.3573511131544,82.77839337778289
249.21706068030656,82.78054265170077
250.07974620342088,82.78265949240684
250.945417984016,82.78439083596803
251.81408635927002,82.78612817271855
252.68576170214365,82.78787152340428
253.5604544215044,82.789620908843
254.4381749622515,82.7911024905731
255.31893380544003,82.79231353398248
256.2027414684056,82.79352876951906
257.08960850489035,82.79474821169423
257.9795455051698,82.79597187506961
258.8725630961785,82.79665442232213
259.7686719416364,82.79732650395623
260.66788274217686,82.79800091205664
261.5702062354749,82.7986776546766
262.47565319637505,82.799
263.384234437019,82.799
264.2959608069758,82.799
265.2108431933717,82.79884186760498
266.12889252101957,82.79815333060924
267.05011975254894,82.79746241018559
267.9745358885373,82.79676909808359
268.9021519676422,82.79607338602426
269.83297906673243,82.79502819108882
270.76702830101965,82.79393846698214
271.7043108241918,82.7928449707051
272.64483782854666,82.79129092907147
273.58862054512537,82.78952133647789
274.53567024384506,82.78774561829279
275.4859982336357,82.78596375331193
276.439615862574,82.78390096034357
277.39653451801837,82.78150866370495
278.3567656267455,82.77910808593313
279.3203206550875,82.77669919836228
280.28721110906804,82.77413836667279
281.2574485345392,82.77122765439638
282.23104451732013,82.76830686644804
283.2080106833358,82.76537596795
284.18835869875517,82.76243492390374
285.17210027013016,82.75941485908156
286.1592471445359,82.75605855970858
287.1498111097115,82.75269064222698
288.14380399420025,82.74931106641972
289.14123766749054,82.74591979193053
290.14212404015774,82.74247414105142
291.14647506400746,82.73875804226317
292.1543027322174,82.73502907989081
293.16561907947994,82.73128720940593
294.1804361821467,82.72753238612606
295.1987661583731,82.72376456521403
296.22062116826265,82.71998370167742
297.2460134140113,82.71618975036816
298.27495514005415,82.7123826659818
299.3074586332118,82.70856240305713
300.3435362228368,82.70484056524793
301.38320028096024,82.70133169905176
302.4264632224399,82.69781068662425
303.47333750510927,82.69427748592025
304.5238356299257,82.69092849311022
305.57797014111895,82.68776608957664
306.6357536263418,82.68459273912097
307.6971987168207,82.68166985336835
308.76231808750623,82.67887391502029
309.8311244572238,82.67606829829978
310.9036305888259,82.67325296970432
311.9798492893454,82.6710403014213
313.05979341014796,82.66888041317969
314.1434758470844,82.66671304830584
315.23090954064577,82.6646767266431
316.3221074761183,82.66314904953344
317.41708268373776,82.66161608424277
318.51584823884474,82.66007781246563
319.618417262041,82.65853421583314
320.7248029193471,82.65742015766452
321.83501842235887,82.65653198526212
322.94907702840413,82.65564073837729
324.0669920407031,82.65474640636744
325.18877680852614,82.65394336695744
326.3144447273526,82.6536056665818
327.4440092390314,82.6532667972283
328.5774838319422,82.65292675485043
329.71488204115565,82.65258553538764
330.85621744859475,82.65241437825514
332.0015036831973,82.65229984963167
333.15075442107957,82.65218492455789
334.30398338569864,82.65206960166142
335.46120434801605,82.652
336.6224311266625,82.652
337.78767758810375,82.652
338.9569576468055,82.652
340.13028526539887,82.65198697147346
341.3076744548477,82.65186923255452
342.48913927461666,82.65175108607254
343.6746938328385,82.65163253061672
344.8643522864817,82.65151356477135
346.0581288415201,82.65118256134754
347.2560377531037,82.65082318867407
348.4580933257277,82.65046257200228
349.6643099134028,82.65010070702598
350.87470191982726,82.64965011923206
352.08928379855985,82.64916428648058
353.3080700531912,82.64867677197873
354.531075237517,82.64818756990499
355.7583139557117,82.64762084302214
356.9898008625044,82.64700509956874
358.22555066335246,82.64638722466832
359.46557811461696,82.6457672109427
360.7098980237391,82.64507406118577
361.9585252494181,82.64432488485035
363.2114747017877,82.64357311517892
364.4687613425939,82.64281874319445
365.73040018537364,82.64184263983316
366.9964062956353,82.64070323433393
368.26679479103797,82.63955988468807
369.54158084157075,82.63841257724259
370.82077966973503,82.63717922033027
372.104406550727,82.63589559344928
373.39247681261907,82.63460752318738
374.68500583654236,82.63331499416344
375.98200905687094,82.63194784743905
377.28350196140724,82.63055339075564
378.5895000915657,82.62915410704474
379.90001904255814,82.62774997959727
381.21507446358044,82.62634099164616
382.5346820580001,82.6248583815304
383.8588575835433,82.62326937089975
385.1876168524816,82.62167485977702
386.5209757318234,82.62007482912182
387.85895014350183,82.61890947177635
389.2015560645645,82.6179864302056
390.5488095273649,82.61706019344993
391.90072661975444,82.61613075044892
393.2573234852741,82.61519809010387
394.61861632334643,82.6142622012777
395.98462138946934,82.61360615144422
397.3553549954114,82.61305785800184
398.7308335094058,82.61250766659623
400.1110733563448,82.61201851222606
401.4960910179768,82.612249348503
402.8859030331041,82.61248098383885
404.2805259977793,82.61271342099963
405.6799765655028,82.61294666276092
407.08427144742245,82.61390355953952
408.49342741253406,82.61507785617712
409.9074612878806,82.6162562177399
411.3263899587525,82.61743865829897
412.7502303688899,82.6189377879611
414.1789995206861,82.62072374940085
415.61271447538945,82.62251589309423
417.05139235330654,82.62431424044163
418.49505033400715,82.62645473992987
419.9437056565305,82.62924857519474
421.39737561959015,82.63205208155206
422.85607758177974,82.63486529247915
424.31982896178124,82.63768824156915
425.78864723857345,82.64090589749321
427.2625499516403,82.6444678290498
428.74155470117927,82.64804209052784
430.2256791483121,82.65162872460843
431.71494101529714,82.65552566621
433.20935808573967,82.6597598479096
434.7089482048035,82.66400868658027
436.2137292794251,82.66827223295837
437.72371927852794,82.6728779347723
439.2389362332366,82.67785650476634
440.75939823709086,82.6828523084933
442.28512344626296,82.68786540560916
443.816130079775,82.6928958559764
445.3524364197158,82.69857163657393
446.89406081145813,82.70435272804298
448.4410216638789,82.71015383123955
449.9933374495799,82.71597501543593
451.551026705107,82.7218939014794
453.1141080311708,82.72783361051845
454.68260009287116,82.73379388035292
456.25652161991854,82.74020558956823
457.8358914068572,82.74674869297127
459.4207283132899,82.75331444586934
461.01105126410476,82.75990292666557
462.60687924969983,82.76662981008204
464.20823132620905,82.77356900241357
465.8151266157307,82.78053221533483
467.4275843065569,82.78751953199507
469.04562365340144,82.79455593163267
470.6692639776291,82.80163036447397
472.2985246674871,82.80872928605119
473.9334251783376,82.81585278113418
475.5739850328892,82.82300093478617
477.22022382142893,82.8301738323648
478.87216120205727,82.83737155952326
480.52981690092383,82.84459420221117
482.1932107124619,82.85186944820609
483.8623624996238,82.85938063124831
485.5372921941193,82.86691781487355
487.2180197966541,82.87446551624232
488.9045653771684,82.88193450381317
490.5969490750748,82.8894293459039
492.2951910995004,82.89695013201208
493.99931172952876,82.90449695194505
495.70933131444116,82.91176465808638
497.4252702739587,82.91905739866434
499.14714909848686,82.92637538366857
500.8749883493615,82.93366401371296
502.6088086590933,82.94092438625995
504.34863073161296,82.94820989118863
506.09447534251956,82.9555206154968
507.8463633393297,82.96285664648343
509.60431564172535,82.97014645051571
511.3683532418027,82.97745460628747
513.1384972043239,82.98478805984648
514.9147686669694,82.99214689876317
516.6971888405894,82.9990462998137
518.4857790094567,83.00594514760789
520.2805605315207,83.01286787633586
522.0815548386645,83.01980583064498
523.8887834369594,83.02658293788859
525.7022679069208,83.03338350465094
527.5220299037668,83.04020761213911
529.3480911576777,83.04705534184129
531.1804734740547,83.0536316571592
533.0191987337794,83.06006719556822
534.864288893475,83.06652501112717
536.7157659857727,83.0730051809502
538.5736521195685,83.0794258321157
540.4379694802903,83.08568461182668
542.3087403301641,83.09196505682269
544.1859870084784,83.0982672420999
546.0697319318496,83.10443842406666
547.9599975944915,83.1105142779823
549.8568065684843,83.11661116397013
551.7601815040435,83.12272915483442
553.6701451297891,83.12903235574242
555.5867202530179,83.13538101083812
557.5099297599774,83.14175164232992
559.4397966161374,83.14814432629095
561.3763438664639,83.15461075195265
563.3195946356947,83.16112064202957
565.269572128617,83.16765306663086
567.2262996303432,83.17420810376166
569.1898005065881,83.18078583169708
571.1600982039486,83.18779236335462
573.1372162501852,83.19510770012569
575.121178254502,83.20244835954166
577.1120079078266,83.20981442925896
579.1097289830951,83.21720599723746
581.1143653355367,83.22512461614248
583.1259409029573,83.23347265474727
585.1444797060245,83.24184959078
587.1700058485553,83.25025552427151
589.2025435178053,83.25869055559889
591.2421169847564,83.26777584397912
593.2887506044052,83.27729269031047
595.3424688160551,83.28684247999465
597.4032961436095,83.29642532706778
599.4712571958632,83.30604134596076
601.5463766667953,83.31642518041733
603.6286793358651,83.3270969815963
605.7181900683091,83.3378057241001
607.8149338154373,83.34855153580412
609.9189356149291,83.35978001222284
612.030220591134,83.3710904674525
614.148813955373,83.38244007476092
616.2747410062378,83.39419318139235
618.4080271298924,83.40623101023297
620.5486978003768,83.41831050901641
622.6967785799128,83.43055002549575
624.8522951192081,83.44307896538041
627.0152731577612,83.45565127522949
629.1857385241699,83.46826710517175
631.363717136441,83.48097774524818
633.549235002299,83.49376302476345
635.742318219494,83.50659256158403
637.9429929761176,83.51946650891028
640.1512855509139,83.53236989191774
642.3672223135916,83.54511152830315
644.5908297251402,83.55789727091955
646.8221343381476,83.57072727244434
649.0611627971158,83.58360168608343
651.3079418387772,83.59625907720522
653.5624982924161,83.60877186552291
655.8248590801896,83.62132796789504
658.0950512174483,83.63392753425683
660.373101813057,83.64642147433725
662.6590380697205,83.65819404605907
664.9528872843092,83.6700073695142
667.2546768481836,83.68186158576815
669.5644342475209,83.69375683637472
671.8821870636435,83.70503449790549
674.2079629733503,83.71619822227208
676.5417897492458,83.72740059079638
678.8836952600703,83.73864173724834
681.2337074710341,83.749366627499
683.5918544441527,83.75962456683206
685.9581643385804,83.76991801487281
688.3326654109458,83.7802470945376
690.7153860156899,83.79036154406276
693.1063546054063,83.79992541842162
695.5055997311797,83.80952239892471
697.9131500429254,83.81915260017169
700.3290342897326,83.82870097515752
702.7532813202093,83.83754947681877
705.1859200828256,83.84642860830232
707.6269796262575,83.85533847563585
710.0764890997351,83.86424094066416
712.5344777533932,83.87198360492319
715.0009749386174,83.87975307105664
717.476010108395,83.88754943184145
719.9596128176668,83.89537278037565
722.4518127236818,83.90187471308158
724.9526395863503,83.90837686292451
727.4621232685975,83.91490152049835
729.9802937367216,83.92144876371547
732.5071810607528,83.9261382849624
735.0428154148118,83.9308292085174
737.5872270774674,83.93553637009332
740.1404464321007,83.94013342411051
742.7025039672685,83.9425673787689
745.2734302770665,83.94500975876322
747.8532560614926,83.94746059325843
750.442012126815,83.9494631656561
753.0397293859446,83.94924668921784
755.6464388587954,83.94902946342843
758.2621716726601,83.94881148569394
760.8869590625826,83.94859275341145
763.5208323717297,83.9462187514424
766.1638230517635,83.94225426542235
768.8159626632188,83.93827605600518
771.477282875881,83.93428407568618
774.1478154691633,83.93027827679626
776.8275923324846,83.92365780702812
779.5166454656514,83.91579749786963
782.2150069792418,83.90790997959914
784.9227090949873,83.89999515803004
787.6397841461563,83.8920529386497
790.3662645779411,83.88104196990116
793.1021829478475,83.86952831342781
795.8475719260819,83.85797480147774
798.6024642959395,83.84638129608791
801.3668929541977,83.83320990424428
804.1408909115106,83.81841524847195
806.9244912928012,83.80356937977172
809.7177273376557,83.78867212086584
812.5206324007215,83.7730758407491
815.3332399521081,83.75457753723805
818.1555835777841,83.73601520031534
820.9876969799774,83.717388608324
823.8296139775787,83.69869753883978
826.6813685065473,83.67774305600608
829.5429946203149,83.65518023472444
832.4145264901898,83.63253931036581
835.2959984057676,83.60982001256991
838.1874447753415,83.58678175622603
841.0889001263124,83.56018508217548
844.0003991055983,83.53349634153201
846.9219764800506,83.50671521559954
849.8536671368711,83.47984138457869
852.795506084026,83.44914718611773
855.7475284506633,83.41815095126805
858.709769487533,83.3870474203809
861.6822645674105,83.3558362220422
864.6650491855168,83.32144192679955
867.6581589599409,83.28656068596683
870.661629632067,83.25155870082631
873.6754970670025,83.21643555341147
876.6997972540049,83.17975253432493
879.7345663069098,83.14181792116364
882.7798404645638,83.10375199419295
885.8356560912591,83.06505290520451
888.9020496771659,83.02488314922913
891.9790578387654,82.98457434231217
895.0667173192925,82.94412600311728
898.1650649891719,82.90353764864184
901.2741378464567,82.86277694076526
904.3939730172714,82.82182910414832
907.5246077562578,82.78073952319912
910.6660794470176,82.7395077072579
913.8184256025572,82.69878010384427
916.9816838657374,82.65838772909905
920.1558920097245,82.6178555327989
923.3410879384401,82.57718303093992
926.5373096870112,82.53772966564283
929.7445954222267,82.49961230825123
932.9629834429948,82.46136300446594
936.1925121807985,82.42298129754359
939.4332202001532,82.38621231786503
942.6851461990676,82.35152510720994
945.9483290095096,82.31671782389856
949.2228075978666,82.28179005228941
952.5086210654097,82.25029525514496
955.8058086487622,82.21979626999895
959.1144097203702,82.18919171008658
962.4344637889708,82.15919139114553
965.7660105000621,82.13382038157644
969.1090896363778,82.10836154815374
972.4637411183654,82.08281458686783
975.8300050046603,82.05874343285791
979.2079214925617,82.03938537298492
982.5975309185156,82.01996030358235
985.9988737585978,82.00046799269111
989.4119906289952,81.98382270102701
992.8369222864893,81.97126461828287
996.2737096289444,81.95866306469387
999.7223936957981,81.94601788978207
1003.1830156685497,81.94160478328688
1006.6556168712492,81.93790067533735
1010.1402387709937,81.93418374531095
1013.6369229784239,81.93045394882301
1017.145711248219,81.93457884924538
1020.6666454795939,81.94373327824695
1024.1997677168006,81.95291939606369
1027.7451201496333,81.96213731238905
1031.3027451139294,81.97623521018448
1034.8726850920732,81.99880233076061
1038.4549827135054,82.0214475692961
1042.049680755234,82.04417119620273
1045.6568221423436,82.072498688812
1049.2764499485036,82.10745071981523
1052.9086073964904,82.14252374017236
1056.5533378586993,82.17771816869808
1060.2106848576607,82.21345799000605
1063.8806920665616,82.25627474077655
1067.56340330977,82.29923970528066
1071.2588625633548,82.34235339657246
1074.9671139556103,82.38561632948213
1078.6882017675844,82.42976666097533
1082.4221704336094,82.47407642247884
1086.169064541831,82.51853956589639
1089.928928834738,82.56315662217222
1093.7018082096993,82.60194353414943
1097.487747719502,82.6407494141249
1101.286792572887,82.6796896238721
1105.0989881350868,82.71876462838465
1108.924379928369,82.74930619662098
1112.7630136325838,82.7772733850374
1116.6149350857045,82.80533738419584
1120.480190284375,82.83149392532917
1124.3588253844605,82.84356079008498
1128.2508867015997,82.85566942529385
1132.1564207117583,82.86781997554769
1136.0754740517787,82.88001258593886
1140.0080935199417,82.88482861211337
1143.9543260765256,82.88252664312202
1147.9142188443666,82.88021670567412
1151.8878191094173,82.87234972813728
1155.875174321315,82.85830336318628
1159.8763320939497,82.84420837557813
1163.8913402060318,82.83006459700148
1167.9202466016586,82.81587185856235
1171.9630993908897,82.80162999078209
1176.0199468503245,82.78114901907023
1180.0908374236756,82.76059996596112
1184.1758197223455,82.74261033237659
1188.2749425260083,82.72455842618353
1192.3882547831965,82.70644403182015
1196.515805611881,82.68826693297845
1200.6576443000567,82.67002691260168
1204.8138203063331,82.65172375288174
1208.9843832605268,82.64287610604079
1213.1693829642525,82.63779432068625
1217.3688693915146,82.6326949443103
1221.5828926893068,82.63421099014676
1225.8115031782133,82.64679614041134
1230.054751353007,82.65942485521728
1234.3126878832502,82.67209728536682
1238.5853636139025,82.68481358218423
1242.8728295659291,82.7025086547866
1247.1751369369097,82.72664937947933
1251.492337101644,82.75170274546014
1255.8244816127738,82.7784176366121
1260.171622201395,82.80522500357526
1264.5338107776718,82.8321251664623
1268.9110994314606,82.85638067689197
1273.3035404329328,82.88039268770004
1277.7111862331983,82.90448781807481
1282.1340894649272,82.9230364244865
1286.5723029429828,82.93559022832444
1291.025879665054,82.94818748819544
1295.4948728122847,82.96082835452617
1299.9793357499084,82.97351297826404
1304.4793220278857,82.98624151087887
1308.9948853815479,82.99901410436496
1313.526079732236,83.01183091124261
1318.0729591879408,83.01784377551277
1322.635578043953,83.01695742701594
1327.2139907835133,83.01340915714277
1331.8082520784606,83.00984860463919
1336.4184167898823,83.00627572698784
1341.0445399687724,83.00060140158666
1345.6866768566904,82.9877194717227
1350.3448828864198,82.97479294999019
1355.019213682626,82.96182168203072
1359.7097250625243,82.9488055129515
1364.416473036548,82.93044451967972
1369.1395138090159,82.91167043260916
1373.8789037787992,82.89283135747928
1378.6346995399995,82.8739270693285
1383.406957882625,82.85597942978134
1388.1957357932683,82.83838067095974
1393.0010904557828,82.82072099257499
1397.823079251968,82.80300018374902
1402.6617597622587,82.79127353633285
1407.517189766409,82.78447593432702
1412.3894272441796,82.77765480185815
1417.2785303760327,82.77081005747355
1422.18455754383,82.76394161943864
1427.1075673315265,82.75704940573587
1432.0476185258688,82.7559690468625
1437.004770117097,82.7631569166698
1441.9790812996548,82.7703696678845
1446.970611472892,82.7776073866357
1451.9794202417715,82.78880920563168
1457.0055674175837,82.80609915191648
1462.049113018663,82.8234489487842
1467.1101172711035,82.8408588034126
1472.1886406094711,82.85832892369658
1477.2847436775367,82.88024622611161
1482.3984873289933,82.90765589208341
1487.5299326281825,82.93516043888707
1492.6791408508238,82.96276019496042
1497.8461734847517,82.99045548987827
1503.0310922306455,83.02897672085275
1508.2339590027634,83.07528223512459
1513.4548359296853,83.12174803977419
1518.693785355057,83.16837468966
1523.950869838332,83.21516274156116
1529.226152155516,83.28366613017722
1534.5196952999186,83.35777573419887
1539.8315624829088,83.43214187476073
1545.161817134668,83.50676543988536
1550.5105229049418,83.58310741617731
1555.8777436638063,83.67359875817178
1561.263543502431,83.764403343451
1566.6679867338432,83.85552225633259
1572.0911378936914,83.94695658488763
1577.5330617410195,84.03171617054838
1582.9938232590441,84.10871290795252
1588.4734876559257,84.18597617594855
1593.9721203655458,84.2635068971542
1599.48978704829,84.34130599738089
1605.0265535918368,84.38177578477797
1610.5824861119397,84.41855605806104
1616.1576509532142,84.45546364931027
1621.7521146899337,84.49249899924737
1627.3659441268267,84.5110189104002
1632.999206299872,84.50392100006216
1638.6519684770956,84.49679851971885
1644.3242981593776,84.48965138431919
1650.016263081261,84.48241933511694
1655.727931211758,84.45408946118968
1661.4593707551571,84.42566152105442
1667.2106501518424,84.39713517524686
1672.981838079113,84.3685100831276
1678.773003452,84.34408712681335
1684.5842154240866,84.32188829708
1690.4155433883363,84.29961262425655
1696.2670569779266,84.27725984234432
1702.1388260670751,84.25992009046342
1708.0309207718713,84.25143547408851
1713.9434114511178,84.24292148751039
1719.8763687071732,84.23437802906167
1725.8298633867923,84.22567221858114
1731.8039665819686,84.21611365346885
1737.798749630785,84.20652200059074
1743.8142841182726,84.19689714541076
1749.8506418772586,84.18723897299638
1755.9078949892207,84.16135973574677
1761.9861157851576,84.13498025749242
1768.0853768464485,84.10850946448642
1774.2057510057145,84.0819470406352
1780.347311347694,84.04085492811222
1786.5101312101165,83.99746867628077
1792.694284184577,83.95393223934057
1798.8998441174108,83.91024509741342
1805.1268851105772,83.86866255827019
1811.37548152255,83.82742182195116
1817.6457079692007,83.78603832740328
1823.9376393246862,83.74451158045707
1830.2513507223466,83.72657719049752
1836.5869175556063,83.71339921148433
1842.9444154788698,83.70017561580394
1849.3239204084218,83.68690624555049
1855.7255085233378,83.70931811545708
1862.1492562663973,83.73604090606821
1868.5952403449926,83.76285619983517
1875.0635377320416,83.79004515374092
1881.5542256669096,83.84573525622208
1888.0673816563371,83.90161813461137
1894.6030834753597,83.95769445621858
1901.1614091682347,84.0156373198657
1907.7424370493754,84.08157921923474
1914.3462457042915,84.147749381957
1920.9729139905223,84.21414859818503
1927.6225210385753,84.28056785912344
1934.2951462528752,84.34689375375358
1940.9908693127152,84.41344924096839
1947.709770173205,84.48023511552165
1954.4519290662217,84.54671794343031
1961.217426501372,84.61315512824348
1968.0063432669567,84.6798222908815
1974.8187604309323,84.74672022743175
1981.6547593418745,84.81611235491344
1988.5144216299545,84.88580652376034
1995.3978292079164,84.95574194475243
2002.3050642720525,85.02697209902162
2009.236209303178,85.1005577554354
2016.1913470676304,85.17439813470133
2023.170560618242,85.24849411856366
2030.1739332953475,85.32285238959545
2037.2015487277622,85.39769649395066
2044.2534908337984,85.47279967737995
2051.32984382225,85.54816283670696
2058.4306921934153,85.62378687185986
2065.5561207400883,85.6937461570925
2072.7062145485897,85.76226788942398
2079.8810589997647,85.83102681541442
2087.080739770019,85.90002375612934
2094.305342832327,85.95935724696211
2101.5549544572737,86.01215858496381
2108.829661214068,86.0651426991758
2116.1295499715943,86.1183102222931
2123.454707899433,86.16273712712734
2130.805222468916,86.1972845456039
2138.181181454157,86.23195155283454
2145.582672933116,86.249222926458
2153.0097852886333,86.26082778951348
2160.4626072095016,86.27247282376484
2167.941227691509,86.284158168268
2175.445736038519,86.29588396256018
2182.976221863519,86.29950293931037
2190.5327750897077,86.29062398926959
2198.1154859515514,86.28171430400693
2205.72444499588,86.26347155401155
2213.359743082949,86.24209271936775
2221.021471387544,86.22063988011487
2228.70972140005,86.19911278007987
2236.424584927563,86.17751116220282
2244.166154094968,86.15347394788029
2251.9345213460547,86.12732044480161
2259.7297794446135,86.10107640920313
2267.552021475539,86.07474152769902
2275.401340845955,86.05362680431713
2283.277831286314,86.03485450210096
2291.1815868515314,86.01601721800385
2299.112701922094,85.99711472708569
2307.071271205203,85.99134650987732
2315.0573897358877,85.98722034863647
2323.071152878157,85.98307990434628
2331.1126563261223,85.98083518759134
2339.181996105157,85.99051839532619
2347.279268573025,86.00023512228762
2355.4045704210494,86.00998548450525
2363.5579986752496,86.02150412276448
2371.739650697518,86.03531066055206
2379.9496241867632,86.04916499081516
2388.188017180097,86.06306727899141
2396.454928053985,86.0770176910911
2404.75045552544,86.08703788719663
2413.074698653183,86.0941134938552
2421.4277568388447,86.10121359331302
2429.8097298281327,86.10833827035391
2438.2207177120426,86.106958615429
2446.660820928033,86.10537609607599
2455.130140261246,86.10378809870102
2463.628776845689,86.10219460434143
2472.1568321654636,86.09945427028143
2480.7144080559565,86.09332134089323
2489.3016067050767,86.08716718186136
2497.9185306544546,86.08099171969764
2506.5652828006873,86.07203199081422
2515.2419663965466,86.06216226322394
2523.948685052233,86.05225837075308
2532.6855427365913,86.04232019513712
2541.4526437783747,86.03078602564034
2550.2500928674667,86.01132166953073
2559.077995056156,85.99178993593826
2567.9364557603667,85.9721905916302
2576.82558076094,85.95252340256641
2585.7454762048746,85.92388264577916
2594.696248606618,85.8902053646176
2603.6780048493156,85.85641150675445
2612.6908521861064,85.82250066864978
2621.734898241386,85.78623876388099
2630.8102510121116,85.74040823238883
2639.9170188690696,85.6944190547112
2649.055310558191,85.64827068168114
2658.2252352018304,85.59373732702892
2667.426902300085,85.53806724108448
2676.660421732098,85.4822044485208
2685.925903757357,85.42614828226799
2695.223459017036,85.36537107513216
2704.5531985352895,85.30084037679758
2713.9152337206037,85.23608630009915
2723.309676367103,85.168143153382
2732.7366386559065,85.09449501050072
2742.196233156448,85.02059192846525
2751.6885728278403,84.9464330247825
2761.2137710202014,84.87148638908333
2770.771941476033,84.79263148282273
2780.363198331554,84.71350361376469
2789.987656118086,84.6341018370258
2799.6454297633995,84.55442520445196
2809.336634593108,84.49407969725239
2819.061386332023,84.43427247405806
2828.8198011055592,84.37425822320081
2838.6119954410965,84.31403622803725
2848.4380862693956,84.25360576944323
2858.2981909259715,84.24333614472593
2868.1924271525177,84.24254460582779
2878.120913098288,84.24175032695214
2888.083767321532,84.24095329861427
2898.081108790886,84.24015351129674
2908.1130568868184,84.28786703563223
2918.179731403032,84.3472604152779
2928.281252547915,84.40685939003271
2938.4177409459576,84.46666467158116
2948.5893176392115,84.52667697407135
2958.7961040887153,84.59683661174367
2969.0382221759655,84.66883870189704
2979.315794204351,84.74109003325658
2989.6289429006342,84.81359146859145
2999.9777914163965,84.88634387365727
3010.3624633295285,84.92782032252649
3020.7830826456857,84.96937254204967
3031.2397737997912,85.01106859802667
3041.7326616574965,85.04651979849724
3052.2618715166996,85.04967856145501
3062.8275291090144,85.0528482587327
3073.4297606012983,85.0438961500533
3084.068692597132,85.00945260771678
3094.74445213836,84.97488983620207
3105.4571667065766,84.94020742278747
3116.20696422468,84.88631853833171
3126.9939730583696,84.81822554506904
3137.818322017704,84.74989684226324
3148.6801403586273,84.68133161398617
3159.579557784505,84.5957887642569
3170.5167044476943,84.50763536215158
3181.4917109510725,84.41917680973435
3192.5047083496224,84.33041205070205
3203.555828151972,84.23902873679633
3214.6452023219904,84.14244028777547
3225.7729632803366,84.04551748982827
3236.9392439060684,83.94825918557815
3248.1441775382027,83.85066421364226
3259.3878979773326,83.74822521758833
3270.6705394872015,83.64453774211262
3281.992236796329,83.54049134384174
3293.3531250995975,83.43608478033471
3304.753340059889,83.32627826438613
3316.1930178096823,83.20902156745075
3327.672294952702,83.09135897673481
3339.1913085655256,82.97328908720337
3350.7501961992452,82.85361767700094
3362.349095881084,82.71628670476797
3373.988146116071,82.57848034998571
3385.66748588867,82.44019696707815
3397.3872546644625,82.30143490477276
3409.1475923917897,82.14655012309126
3420.948639503448,81.98664593472827
3432.7905369183404,81.82618822475649
3444.6734260431867,81.66517507711481
3456.5974487741832,81.49555568160531
3468.5627474987255,81.31882821944382
3480.5694650970813,81.14148900051612
3492.6177449441248,80.96353590717527
3504.7077309110186,80.78322495400718
3516.8395673669634,80.59954895006418
3529.01339918089,80.41523713640133
3541.229371723219,80.23028731211046
3553.487630867571,80.04741762074168
3565.788322992532,79.87077968182724
3578.131594983376,79.69353029603872
3590.517594233848,79.51566734680195
3602.9464686478923,79.34281646533374
3615.418366641451,79.18754133531394
3627.933437144205,79.03172870755465
3640.491829601383,78.87537672146277
3653.093693975515,78.72683648373872
3665.7391807482545,78.60354298770451
3678.4284409221445,78.47982270100908
3691.16162602245,78.3556741462811
3703.93888809894,78.24243983876028
3716.760379727725,78.15435619127052
3729.6262540130742,78.06596763493017
3742.5366645892245,77.97727311427204
3755.4917656222487,77.90430752579212
3768.491711811861,77.85295773834315
3781.5366583932982,77.80143019934647
3794.6267611391404,77.74972429350039
3807.7621763612033,77.69783940337325
3820.9430609123733,77.6483117432504
3834.169572188512,77.63164633904248
3847.4418681303036,77.61492324615581
3860.760107225173,77.59814226489628
3874.124448509147,77.59601200937422
3887.535051568784,77.62694021268051
3900.9920765430497,77.65797547652741
3914.4956841252583,77.68911817151388
3928.046035564963,77.72036866952169
3941.643292669911,77.75172734371998
3955.2876178079437,77.80304296391614
3968.9791739089696,77.88601379388835
3982.7181244668764,77.96927183426928
3996.504633541514,78.05281807926158
4010.3388657606247,78.16153573010662
4024.220986321839,78.2790710175249
4038.1511609946156,78.39701316308773
4052.129556122256,78.51536357516844
4066.1563386238545,78.64289644955429
4080.2316759963273,78.78212499506367
4094.3557363163786,78.92183549172952
4108.52868824254,79.0620296078658
4122.750701017153,79.20426774813774
4137.02194446842,79.35352116923222
4151.3425890124045,79.5032912434214
4165.712805655093,79.65357975914284
4180.132765994407,79.80439404294128
4194.602642222288,79.95632774333401
4209.122607126714,80.10878737483048
4223.692834093801,80.26177475798491
4238.31349710984,80.41529171965331
4252.984770763404,80.56824567706917
4267.706830247405,80.71742921317372
4282.479851361214,80.86712916046031
4297.304010512731,81.01734730652902
4312.179484720523,81.1664326692549
4327.106451615903,81.3063729838991
4342.08508944509,81.44679771354771
4357.115577071296,81.58770853504339
4372.198093976903,81.72649296926808
4387.3328202655675,81.85038151445957
4402.519936664403,81.97469891012432
4417.759624526125,82.09944664076386
4433.0520658312025,82.22462619601828
4448.397443190065,82.33762291198693
4463.795939845242,82.4405361979657
4479.247739673593,82.5438057268185
4494.753027188463,82.64743273170956
4510.311987541924,82.73581297559176
4525.9248065269485,82.81653124974433
4541.591670579664,82.89752893689686
4557.312766781548,82.96539330062132
4573.088282861689,83.01801591497434
4588.918407199,83.07082068687095
4604.803328824502,83.1238082468646
4620.743237423542,83.17540427219865
4636.7383233381,83.19486496006135
4652.788777569017,83.21439301270897
4668.894791778324,83.2339886633303
4685.056558291484,83.24331028027277
4701.274270099729,83.22987274763165
4717.548120862328,83.21638869985694
4733.878304908936,83.2028579759326
4750.26501724188,83.18874659384093
4766.708453538518,83.14200025351192
4783.208810153547,83.0950920968492
4799.766284121379,83.04802156371208
4816.381073158456,83.00078809202097
4833.053375665654,82.93502315342097
4849.78339073061,82.86392058939491
4866.571318130138,82.79257189794691
4883.417358332578,82.7086130897658
4900.321712500225,82.62119342964169
4917.284582491697,82.53347115911437
4934.30617086438,82.44544523067279
4951.38668087681,82.3527090321264
4968.526316491139,82.2574412241701
4985.7252823755325,82.161843638796
5002.98378390665,82.06758108046675
5020.302027172061,81.9809898641397
5037.6802189727405,81.8940989051363
5055.118566825507,81.80690716587247
5072.617278965533,81.71941360517233
5090.176564348794,81.64928078637573
5107.796632654607,81.59176384912033
5125.477694288087,81.53404781221674
5143.219960382707,81.47613198646502
5161.023642802774,81.44911810104449
5178.888954146003,81.44120632030678
5196.816107746011,81.43326715228392
5214.8053176749045,81.42530050217255
5232.856798745817,81.46968625044576
5250.97076651546,81.53546259590927
5269.147437286735,81.60146663164745
5287.38702811127,81.66769914582905
5305.68975679206,81.76033381059463
5324.055841886017,81.91150964852429
5342.485502706632,82.06320879415398
5360.978959326544,82.21543305895662
5379.536432580213,82.36818426067587
5398.158144066516,82.58094835779397
5416.8443161514315,82.79597280942826
5435.595171970659,83.01174158603379
5454.410935432318,83.23427504035027
5473.291831219585,83.47729914184066
5492.238084793418,83.72116449141242
5511.249922395204,83.9658740011154
5530.327571049505,84.20907922645719
5549.471258566728,84.45112722550306
5568.681213545882,84.69401309377075
5587.957665377273,84.9377397316139
5607.30084424528,85.17030928669809
5626.710981131063,85.3838207924417
5646.188307815363,85.598071385969
5665.733056881231,85.81306362569354
5685.345461716842,86.02880007888527
5705.025756518242,86.23236712744878
5724.77417629219,86.39884630614316
5744.590956858915,86.56590176632065
5764.476334854984,86.73353550282752
5784.430547736075,86.90174951741511
5804.453833779861,87.05827550670071
5824.546432088814,87.17230100210402
5844.708582593099,87.28672120621584
5864.940526053395,87.401537485353
5885.242504063819,87.51675121056218
5905.614759054764,87.61849530277051
5926.057534295836,87.68401439741815
5946.57107389872,87.7497602918454
5967.155622820132,87.81573377113853
5987.811426864706,87.88193562310138
6008.538732687973,87.93327442823897
6029.337787799255,87.96317306996143
6050.208840564677,87.99317520831173
6071.152140210077,88.02328120155198
6092.167936824033,88.03973729488166
6113.256481360802,88.04621449070368
6134.418025643365,88.05271410787617
6155.652822366382,88.05463321151419
6176.961125099257,88.04382685798538
6198.3431882891455,88.03298309736765
6219.799267263974,88.02210180017326
6241.329618235533,87.99800417948504
6262.934498302486,87.9736986894097
6284.614165453489,87.94930906386483
6306.368878570223,87.92094999568066
6328.198897430536,87.88307491295802
6350.104482711491,87.84506872249557
6372.085895992533,87.80693097045295
6394.143399758558,87.7686612014189
6416.277257403105,87.71642328961298
6438.487733231443,87.65900920959672
6460.775092463781,87.60139638598113
6483.139601238387,87.54358413079876
6505.581526614811,87.47848321489991
6528.101136577027,87.39167011849557
6550.698700036686,87.30455651135858
6573.374486836269,87.21714135324618
6596.12876775237,87.12942360031461
6618.961814498865,87.01163215634367
6641.873899730226,86.88733409396352
6664.865297044707,86.76260576353246
6687.936280987677,86.63744567564186
6711.087127054833,86.49516620951002
6734.318111695558,86.33417548594977
6757.629512316155,86.17262747964904
6781.021607283223,86.01052026152726
6804.494675926917,85.84308753934394
6828.04899854435,85.65488850163064
6851.684856402876,85.46603799734102
6875.402531743509,85.27653377136936
6899.202307784232,85.08637356080399
6923.084468723443,84.88701384147203
6947.049299743285,84.68666785414614
6971.097087013113,84.48562835257037
6995.228117692851,84.28389293608777
7019.44267993648,84.08981954810372
7043.741062895422,83.8971333712393
7068.123556722049,83.70378019519416
7092.590452573089,83.5097577110954
7117.142042613164,83.33751967790084
7141.77862001822,83.17442553547939
7166.500478979081,83.01076682915848
7191.307914704911,82.84654160465348
7216.201223426795,82.7172285802193
7241.180702401213,82.60656948836262
7266.246649913657,82.4955273408825
7291.399365282127,82.38410081180018
7316.63914886076,82.32037571075443
7341.966302043393,82.28137189485318
7367.38112726714,82.24223306400862
7392.883928016058,82.20295875085527
7418.475008824708,82.2206362636783
7444.154675281853,82.26043974668687
7469.923234034047,82.30038101275277
7495.780992789355,82.34046053882349
7521.728260320971,82.43708174591401
7547.765346470962,82.54502716557752
7573.892562153909,82.65334624726309
7600.11021936068,82.76204028443283
7626.418631162095,82.87832124881567
7652.818111712724,83.01742620402474
7679.308976254581,83.15701268257222
7705.891541120945,83.29708235129112
7732.566123740076,83.43763688278426
7759.333042639076,83.57236020350406
7786.192617447617,83.69570763550944
7813.1451689018295,83.81948204487995
7840.191018848068,83.94368490963305
7867.330490246816,84.06831771290268
7894.563907176478,84.17031308742257
7921.891594837319,84.2525238811356
7949.313879555273,84.33501925432878
7976.831088785917,84.41780019209764
8004.443551118307,84.4924249358228
8032.15159627897,84.52313468587586
8059.955555135776,84.5539507402755
8087.855759701956,84.584873467003
8115.852543139997,84.6159032353135
8143.94623976569,84.59296182426945
8172.1371850520545,84.56054223719013
8200.425715633412,84.52801042702157
8228.812169309334,84.49536600529427
8257.296885048754,84.44363668106718
8285.880202993936,84.33644923877274
8314.562464464607,84.22889075825773
8343.344011961968,84.12095995514262
8372.225189172856,84.0126555406018
8401.206340973766,83.85034185063557
8430.287813435049,83.66773443813909
8459.469953824975,83.48449491494068
8488.753110613945,83.30062109293661
8518.137633478584,83.07492323375811
8547.623873305984,82.82281588323383
8577.212182197833,82.56983584220853
8606.902913474676,82.31598008979152
8636.696421680079,82.02573359006192
8666.59306258491,81.70652945486265
8696.593193191571,81.38622036807769
8726.69717173823,81.06480250482568
8756.905357703157,80.73068430557748
8787.218111808957,80.35617022860033
8817.635796026943,79.98035974008712
8848.158773581377,79.60324835240209
8878.787408953895,79.19599617440582
8909.52206788778,78.78548357991224
8940.363117392397,78.37354996202889
8971.310925747513,77.96019040176571
9002.365862507762,77.54691411510962
9033.528298506983,77.15063180398622
9064.798605862725,76.75297772877902
9096.177157980617,76.35394714101315
9127.664329558896,75.97435670441104
9159.260496592817,75.65839503407184
9190.966036379203,75.34133963620798
9222.781327520892,75.02318672479109
9254.706749931318,74.7222707225346
9286.742684838984,74.52672830446357
9318.889514792083,74.33050900009601
9351.14762366299,74.13361046633398
9383.51739665293,73.94778319174628
9415.999220296488,73.85805215393096
9448.593482466316,73.7680105046868
9481.300572377679,73.67765716880666
9514.120880593176,73.61941025572318
9547.05479902734,73.60404109378723
9580.102720951385,73.58861873022269
9613.265040997821,73.57314298086769
9646.542155165262,73.59899220025744
9679.934460823053,73.63546687259134
9713.442356716112,73.67206780502838
9747.066242969606,73.70879543462834
9780.806521093804,73.77420547528556
9814.663593988798,73.84257071863124
9848.637865949398,73.91117261393629
9882.729742669864,73.98155183523048
9916.939631248848,74.0699273807262
9951.267940194164,74.15860884550159
9985.715079427751,74.24759728852169
10020.281460290485,74.35075277028226
10054.967495547176,74.46406048545411
10089.773599391401,74.57776042467859
10124.700187450571,74.69185394567188
10159.747676790772,74.8152777812414
10194.91648592181,74.96240063277291
10230.207034802208,75.11003276225591
10265.619744844176,75.25817593259814
10301.155038918752,75.4074699343081
10336.813341360688,75.5763374665867
10372.595077973692,75.74578954783256
10408.500676035359,75.91582820151031
10444.53056430237,76.08534506532033
10480.685173015574,76.24770185507307
10516.964933905141,76.41062065631778
10553.370280195684,76.57410341450375
10589.901646611532,76.73815208181492
10626.55946938175,76.87353660120414
10663.344186245544,76.99823679137239
10700.256236457317,77.1233686415903
10737.296060792014,77.24893364608494
10774.464101550358,77.33603538279064
10811.760802564133,77.40316944461544
10849.18660920146,77.47053589656264
10886.741968372207,77.53813554306997
10924.427328533166,77.56367937883665
10962.243139693592,77.56627921585394
11000.189853420414,77.56888805242266
11038.267922843723,77.57150591969551
11076.477802662155,77.55175540442487
11114.819949148323,77.5023214227052
11153.294820154244,77.45271632115828
11191.902875116897,77.40293950743856
11230.644575063545,77.32976374493936
11269.52038261743,77.2501763278082
11308.530762003134,77.17031341223247
11347.676179052212,77.09017404455145
11386.957101208734,77.01020174926934
11426.373997534869,76.93202490488918
11465.927338716456,76.85357744487902
11505.617597068724,76.78163359500567
11545.445246541767,76.7506766492789
11585.410762726393,76.71961254351721
11625.514622859631,76.68844090677729
11665.757305830535,76.65716136683173
11706.139292185866,76.62577355016462
11746.661064135846,76.6424942223901
11787.323105559875,76.68442695260862
11828.125902012422,76.7917217717416
11869.069940728641,76.92888430144095
11910.155710630388,77.0665216306118
11951.383702331894,77.20463540281185
11992.75440814571,77.34322726728814
12034.268322088576,77.48229887899673
12075.925939887276,77.64835721286335
12117.72775898468,77.8579634771946
12159.674278545488,78.06829531099237
12201.765999462405,78.2786488260908
12244.003424361943,78.47354437241296
12286.387057610518,78.66911456583139
12328.917405320459,78.86536174169296
12371.59497535604,79.06228824342858
12414.420277339525,79.25413602941309
12457.393822657352,79.39642621279879
12500.516124466067,79.53842558320915
12543.78769769865,79.6160259378729
12587.20905907049,79.69389491259975
12630.780727085652,79.77203343724028
12674.503222043048,79.80045587189605
12718.377066042643,79.78963365704281
12762.402782991676,79.77877398019538
12806.580898611004,79.7488547809289
12850.911940441216,79.60978196970156
12895.396437849122,79.47022774640476
12940.034922033903,79.33019044459078
12984.82792603356,79.18966839204329
13029.775984731246,79.04865991075741
13074.879634861654,78.90716331691972
13120.13941501741,78.76517692088825
13165.555865655593,78.60009857664082
13211.12952910402,78.38935732733799
13256.860949567927,78.17304770854372
13302.750673136274,77.95598931606543
13348.799247788385,77.73817955796093
13395.007223400466,77.51961583331581
13441.375151752154,77.32336217931415
13487.903586533097,77.12922228519065
13534.593083349662,76.93441035972353
13581.444199731392,76.73892407662078
13628.457495137867,76.57449120861597
13675.633530965204,76.43025047907389
13722.972870552867,76.28551044828461
13770.476079190363,76.14026938787546
13818.143724123998,76.01552692416439
13865.97637456362,75.92464488832911
13913.97460168953,75.8334482567899
13962.138978659099,75.7419359405477
14010.470080613848,75.66153668483713
14058.968484686113,75.62233380821206
14107.634770006045,75.58299522757844
14156.469517708507,75.54352047318562
14205.473310940008,75.50390907365683
14254.646734865633,75.46416055598361
14303.99037667613,75.42644255018084
14353.504825594851,75.41332122121736
14403.190672884737,75.40015447168554
14453.048511855462,75.3869421443583
14503.078937870498,75.37359479226606
14553.282548354206,75.35883493078387
14603.659942798959,75.3440239768171
14654.211722772408,75.3291617535049
14704.938491924466,75.3142480833742
14755.840855994744,75.29807957200262
14806.919422819585,75.2725402885902
14858.174802339434,75.24691259883028
14909.6076066061,75.22119619669695
14961.218449790058,75.19539077510497
15013.007948187753,75.17443904621747
15064.976720229084,75.1682027935725
15117.125386484577,75.16194495362186
15169.454569673031,75.15566545163924
15221.964894668752,75.14936421263975
15274.656988509127,75.19146748681084
15327.531480402085,75.28896804986144
15380.589001733613,75.38680611919678
15433.830186075256,75.48498286312278
15487.255669191823,75.58349945398973
15540.86608904874,75.80650824673594
15594.662085819935,76.06914030297293
15648.644301895256,76.33268148185263
15702.813381888267,76.59713493037852
15757.169972643915,76.87317272574174
15811.714723246256,77.22062278707864
15866.448285026168,77.5692755756167
15921.37131156927,77.91913525469624
15976.484458723484,78.27020600206859
16031.788384607138,78.59381888703183
16087.283749616592,78.89726754290352
16142.971216434258,79.20176661146252
16198.851450036474,79.50731972879944
16254.925117701452,79.80412955936566
16311.192889017208,79.99982886800186
16367.655435889692,80.19620560602435
16424.313432550578,80.39326211841092
16481.16755556559,80.59100075825712
16538.21848384233,80.71505071724644
16595.466898638533,80.80275528871424
16652.913483570166,80.89076345682949
16710.55892461958,80.9790762725172
16768.403910143694,81.03773322462621
16826.449130882313,81.0321608834353
16884.695279966178,81.02656925312324
16943.143052925483,81.02095826691915
17001.79314769796,81.01262379109247
17060.646264637344,80.9182233915217
17119.7031065217,80.8234962171392
17178.96437856179,80.7284411367869
17238.43078840962,80.63305701539097
17298.103046166652,80.46364884722138
17357.981864392565,80.27586887326493
17418.067958113515,80.08743888335601
17478.36204483082,79.89835662741054
17538.864844529486,79.65203263392058
17599.577079686806,79.37324205007819
17660.49947528095,79.09348640950986
17721.632758799777,78.81276237159143
17782.97766024925,78.49274654292583
17844.534912162457,78.13854611541723
17906.305249608107,77.78311959375495
17968.289410199435,77.42646273371246
18030.488134103,77.04893691800899
18092.902164047497,76.6496119544241
18155.5322453326,76.24890469436203
18218.379125838026,75.84681035288831
18281.443556032173,75.44357567695442
18344.72628898141,75.03919901340879
18408.228080358786,74.63342256650736
18471.949688453216,74.22624149078393
18535.891874178502,73.83990388599004
18600.055401082398,73.46968033575456
18664.441035355714,73.09817522599752
18729.049545841608,72.72538412049391
18793.881704044492,72.4029074516196
18858.938284139567,72.10403752266282
18924.22006298178,71.80413303066169
18989.727820115277,71.50319039439042
19055.462337782647,71.29471552172807
19121.424400934284,71.10289784208311
19187.614797237715,70.91041616963273
19254.03431708716,70.72445735895985
19320.683753612695,70.6494100934321
19387.563902690043,70.57410304557101
19454.67556294979,70.49853531611853
19522.019535787094,70.44745596092842
19589.59662537121,70.44732080674925
19657.40763865509,70.44718518472268
19725.453385384983,70.44704909322923
