X,Y
20.34856311436637,59.36257377594831
20.419001353092984,59.36603688637616
20.48968341962439,59.37006500184807
20.560610157990762,59.37410706097574
20.631782415143945,59.377492824174396
20.703201040967574,59.38037772004902
20.774866888287242,59.38327260222996
20.846780812880652,59.385652065101624
20.918943673487863,59.38716770466956
20.991356331821535,59.38764998860755
21.06401965257721,59.38865798549445
21.136934503443648,59.39001164808203
21.210101755113186,59.39135027642503
21.283522281292143,59.39193281536961
21.357196958711228,59.3922796669602
21.43112666713604,59.39335472565597
21.505312289377557,59.396072849398415
21.579754711302677,59.39888710989811
21.654454821844798,59.40171111219392
21.729413513014443,59.40469513570704
21.804631679909882,59.40789284437992
21.880110220727886,59.413889845299
21.95585003677436,59.419020232526314
22.03185203247519,59.42551618321963
22.108117115386978,59.434321025214075
22.18464619620793,59.44448246525237
22.261440188788697,59.454679079958055
22.33850001014331,59.464530803208795
22.415826580460113,59.47414684742231
22.49342082311276,59.485278873960496
22.57128366467124,59.49615576416652
22.64941603491294,59.50663153691615
22.727818866833744,59.516759077218666
22.806493096659192,59.526151162590224
22.885439663855635,59.53552789502102
22.964659511141466,59.54493708578874
23.04415358449838,59.55285247262694
23.123922833182657,59.55937294835691
23.20396820973652,59.56591599525437
23.28429066999949,59.57318050308171
23.364891173119798,59.57665733802964
23.445770681565858,59.579177576137866
23.52693016113774,59.5799296187765
23.60837058097872,59.5801045422635
23.690092913586827,59.57606175095888
23.772098134826493,59.573006606330345
23.854387223940172,59.56994088606531
23.93696116356005,59.56683382680977
24.01982093971978,59.56350107056628
24.10296754186625,59.559851465329245
24.186401962871393,59.55591420623444
24.270125199044063,59.55136717339995
24.354138250141915,59.55042613393928
24.43844211938334,59.55182357992522
24.523037813459467,59.55362854269728
24.607926342546158,59.55543975349765
24.693108720316086,59.55688003265166
24.77858596395084,59.567300533807035
24.864359094153063,59.578579514657704
24.950429135158647,59.589822002217005
25.036797114748957,59.605242645123994
25.123464064263118,59.62635558069513
25.21043101861031,59.64754160044366
25.29769901628215,59.668800957356495
25.385269099365058,59.69013390529632
25.473142313552746,59.71477242249993
25.56131970815867,59.74016326213799
25.649802336128563,59.76564199427314
25.738591254053063,59.79291260111508
25.827687522180195,59.81836356671494
25.917092204428215,59.83929350915012
26.006806368398166,59.85632487302406
26.096831085386697,59.87341519237646
26.18716743039883,59.89157087241249
26.277816482160816,59.902533484045605
26.368779323133005,59.91194470500802
26.460057039522763,59.92027528000624
26.551650721297467,59.91934845938007
26.643561462197496,59.91297789615144
26.73579035974931,59.906585280689875
26.82833851527854,59.90017053665976
26.92120703392315,59.891525806108554
27.014397024646637,59.877883310215886
27.107909600251258,59.86599577724535
27.201745877391332,59.85401910276399
27.29590697658657,59.83701828302821
27.39039402223545,59.81890854218957
27.485208142628654,59.800736112981184
27.580350469962536,59.78473273590101
27.675822140352633,59.77339016137094
27.771624293847253,59.763125402293525
27.867758074441067,59.75270010579004
27.96422463008878,59.74223872125814
28.061025112718838,59.73904004289701
28.15816067824718,59.73728164632203
28.255632486591054,59.73551716291149
28.353441701682847,59.734554906136076
28.451589491483997,59.73616259231607
28.55007702799894,59.74286790118865
28.648905487289102,59.753797403146535
28.74807604948694,59.76297172852435
28.84758989881004,59.77217781159029
28.94744822357525,59.78221922665326
29.04765221621289,59.79380858319116
29.14820307328096,59.806127075625106
29.249101995479457,59.82052620938631
29.350350187664684,59.83642144936546
29.451948858863677,59.852371712035996
29.553899222288603,59.8655490197272
29.656202495351266,59.876634602396265
29.758859899677645,59.88775855872907
29.86187266112248,59.897556477207196
29.965242009783903,59.90703475735046
30.068969180018136,59.915207241773786
30.173055410454214,59.92195560981782
30.277501944008847,59.92863509619679
30.3823100279011,59.935279953474286
30.48748091366751,59.9399760498937
30.59301585717679,59.944810061867784
30.698916118645073,59.949660807175185
30.805182962650704,59.955779777373046
30.911817658149584,59.96193288127283
31.01882147849015,59.968572147208334
31.12619570142865,59.97640180677241
31.233941609144395,59.98395394987994
31.34206048825507,59.99187143284305
31.45055362983208,60.00035089587403
31.559422329415995,60.00592005149432
31.668667887032,60.00763449048249
31.77829160720543,60.00812697504537
31.88829479897733,60.00862116438441
31.998678775920116,60.00911706440082
32.10944485615323,60.000928261673096
32.2205943623589,59.992605886821195
32.332128621797935,59.98704647979669
32.444048966325546,59.982057913631756
32.556356732407295,59.97529504528508
32.669053261135026,59.96375672902348
32.78213989824286,59.9517636084416
32.89561799412333,59.93981409380132
33.00948890384341,59.929975867859156
33.12375398716082,59.925763601559034
33.23841460854012,59.92167625875994
33.353472137169135,59.91830642771202
33.46892794697522,59.91492493171446
33.5847834166417,59.91865793450401
33.70103992962432,59.92346636200923
33.81769887416778,59.928291434285015
33.93476164332231,59.934449727869875
34.052229634960284,59.94415300814003
34.17010425179293,59.95563184634122
34.28838690138708,59.96586247313866
34.40707899618198,59.974802710813
34.526181953506146,59.98284719870811
34.6456971955943,59.987062658995086
34.765626149604344,59.99096940463644
34.8859702476344,59.994889673801815
35.00673092673992,60.00102316884512
35.127909628950846,60.00342128670625
35.24950780128883,60.00582770585124
35.37152689578449,60.00534168656467
35.493968369494795,60.004266466763276
35.616833684520415,60.00397194635726
35.7401243080232,60.00371704299316
35.86384171224376,60.00346125725994
35.98798737451889,60.00320458610318
36.11256277729941,60.0067752302325
36.237569408167666,60.0107681920357
36.3630087598555,60.01589013661324
36.48888233026185,60.02416327568586
36.615191622470896,60.0338954448875
36.74193814476971,60.04238300513291
36.869123410666575,60.04802487993546
36.996748938908816,60.05368628455552
37.12481625350105,60.05661652359441
37.25332688372337,60.059485009371585
37.38228236414958,60.06236342465018
37.51168423466557,60.06764602506732
37.64153404048765,60.07156226154725
37.77183333218102,60.07549205440453
37.90258366567831,60.07638993524732
38.03378660229813,60.07603109572829
38.16544370876371,60.07567101405651
38.29755655722165,60.07545675055351
38.430126725260635,60.07529402067224
38.56315579593034,60.075130727487995
38.69664535776027,60.07829964162349
38.83059700477875,60.083971117500866
38.965012336532006,60.08932674682329
39.09989295810319,60.091547854085206
39.23524048013159,60.0937766498941
39.37105651883186,60.09601316086452
39.5073426960133,60.09825733140559
39.644100639099285,60.100507820117016
39.781331981146586,60.10405772349258
39.91903836086499,60.110627144043434
40.057221422636765,60.11662905784821
40.19588281653639,60.120067387738835
40.33502419835019,60.120921834622486
40.47464722959613,60.12177923924487
40.61475357754367,60.12451200414513
40.755344915233636,60.12892399015472
40.896422921498264,60.133351248619775
41.03798928098117,60.135941595998375
41.180045684157534,60.13771434565889
41.322593827354225,60.14100185028891
41.465635412770105,60.14384205963551
41.60917214849634,60.14652441132556
41.75320574853679,60.14921604819845
41.89773793282849,60.15514386387435
42.04277042726215,60.161229250922716
42.188304963702876,60.167137965811996
42.33434328001063,60.169788453153494
42.480887120061276,60.172448115376724
42.6279382337671,60.17145820092394
42.775498377098,60.16991637673689
42.923569312102174,60.16836921539756
43.07215280692742,60.16681669843095
43.22125063584199,60.16332121042319
43.37086457925607,60.15936712068663
43.52099642374272,60.15574591412999
43.67164796205952,60.15262037684379
43.82282099316973,60.15285499594449
43.97451732226391,60.15518087898316
44.12673876078142,60.15887585189421
44.27948712643209,60.16258361526041
44.43276424321787,60.16456915956172
44.58657194145468,60.16779983694557
44.74091205779421,60.1710416975871
44.895786435245874,60.1742947801981
45.051196923198816,60.17665208548348
45.207145377444,60.17716484400104
45.363633660196356,60.17767937747473
45.520663640117036,60.177852791141554
45.6782371923357,60.17575605291955
45.83635619847295,60.175389347758454
45.995022546662746,60.17504102777002
46.154238131575006,60.174808968165365
46.31400485443818,60.1774524762879
46.47432462306201,60.18099934553659
46.635199351860244,60.18457070325831
46.79663096187355,60.18819817136144
46.958621380792444,60.19497888191614
47.12117254298028,60.201177989111194
47.28428638949641,60.206281035693394
47.44796486811928,60.21140174689454
47.61220993336976,60.21484999471635
47.777023546534444,60.21728929156849
47.94240767568909,60.21973703224896
48.10836429572211,60.2221932459868
48.27489538835816,60.22339518011278
48.44200294218179,60.223050854998135
48.60968895266121,60.22270533797354
48.7779554221721,60.221557739257825
48.946804360021545,60.219475111191024
49.11623778247199,60.21738527393445
49.28625771276537,60.2152882025329
49.456866181147205,60.213417066681274
49.62806522489091,60.21200752318931
49.79985688832204,60.21059310044566
49.97224322284287,60.20917378156037
50.145226286956586,60.21116712420135
50.31880814629227,60.21382282148014
50.49299087362914,60.21648771167531
50.66777654892171,60.219161826608875
50.843167259324225,60.221818027459605
51.019165099216,60.22439991208241
51.195772170226014,60.22699073411295
51.3729905812584,60.229590524488806
51.550822448517245,60.23116366313862
51.729269895532234,60.23014511205863
51.908335053183706,60.2291230351796
52.08802005972826,60.229039920871
52.26832706082425,60.231066824707874
52.449258209557385,60.23527546898443
52.63081566646648,60.240079526382495
52.81300159956923,60.245193252140886
52.99581818438809,60.25032467948507
53.179267603976285,60.25333553706732
53.36335204894384,60.25586244439146
53.548073717483774,60.25839809881487
53.73343481539832,60.261745469576525
53.919437556125295,60.26038897954459
54.1060841607645,60.25630341566665
54.293376858104274,60.25052604745805
54.481317884648064,60.244728680410276
54.66990948464119,60.243037242312234
54.85915391009759,60.242517091234475
55.049053420826745,60.24199513961063
55.23961028446065,60.24227290584993
55.43082677648091,60.245616748678785
55.62270518024589,60.24897216649689
55.81524778701797,60.252339199372045
56.00845689599094,60.255308950420336
56.20233481431745,60.24932427836794
56.39688385713656,60.24331888987695
56.59210634760132,60.23729271323566
56.78800461690663,60.23124567648417
56.98458100431699,60.22406537701781
57.181837857194445,60.22329449272458
57.37977753102665,60.22312331025308
57.57840238945495,60.225731380108094
57.77771480430266,60.22905679606616
57.97771715560335,60.23239372322732
58.17841183162926,60.232553145317404
58.37980122891984,60.23231344158728
58.58188775231034,60.23211359241985
58.78467381496064,60.23624261559004
58.988161838383796,60.24038593171635
59.19235425247535,60.24361302273131
59.3972534955419,60.24312064985021
59.602862014330675,60.24262657257956
59.80918226405829,60.24213078501946
60.01621670844054,60.242218257120264
60.223967819721324,60.249213115936215
60.43243807870266,60.2575836319492
60.64162997477384,60.26805637649463
60.851546005941614,60.27573694706787
61.06218867885955,60.27304896219262
61.27356050885842,60.26856758383885
61.48566401997589,60.26407069282229
61.69850174498684,60.25717962078976
61.912076225433545,60.25009231433406
62.12639001165605,60.24298047457931
62.3414456628226,60.24430420507176
62.557245746960234,60.250050631307744
62.77379284098541,60.255816949274696
62.9910895307348,60.26160322782949
63.20913841099617,60.265442229429574
63.42794208553936,60.26921041161164
63.64750316714736,60.272991637668824
63.86782427764756,60.27678595275358
64.08890804794298,60.27629512036985
64.31075711804374,60.26939040083657
64.53337413709862,60.26246178004402
64.75676176342657,60.255509175255995
64.98092266454859,60.24853250344993
65.20585951721951,60.25227435729216
65.43157500745995,60.25702815123212
65.65807183058847,60.261798400824034
65.88535269125362,60.2665851630305
66.11342030346634,60.26877900573438
66.3422773906324,60.26833359262849
66.5719266855848,60.267886637688186
66.80237093061649,60.26743813557629
67.03361287751311,60.265946854830425
67.26565528758579,60.258307264553004
67.49850093170421,60.250641229200276
67.73215259032965,60.242948657230436
67.9666130535481,60.23522945678477
68.20188512110387,60.238938346044215
68.43797160243253,60.244560981683534
68.67487531669501,60.25020308054241
68.91259909281078,60.255864709994384
69.15114576949206,60.25840739574272
69.3905181952773,60.25913772101379
69.6307192285656,60.25987057436635
69.87175173765043,60.26060596455157
70.11361860075436,60.260562744066064
70.35632270606287,60.259634582891344
70.59986695175942,60.258703208809735
70.8442542460595,60.25776861069951
71.08948750724592,60.25729915501334
71.33556966370305,60.257646069333404
71.58250365395243,60.25799418452616
71.83029242668721,60.258343504748524
72.078938940808,60.25790843383288
72.3284461654576,60.25577708074312
72.57881708005705,60.25363834979789
72.83005467434056,60.25149221545812
73.08216194839189,60.24966826529281
73.33514191267953,60.24852213956461
73.58899758809325,60.247372046427145
73.84373200597959,60.246217972146916
74.09934820817861,60.24164498214608
74.35584924705978,60.2316661298547
74.61323818555869,60.22165273493857
74.87151809721345,60.211604677825534
75.13069206620158,60.21598016188309
75.39076318737663,60.234633809683494
75.65173456630535,60.2533520286327
75.91360931930457,60.272135042249104
76.17639057347857,60.290983074824815
76.44008146675635,60.29026571517636
76.7046851479291,60.287608998577625
76.9702047766878,60.28494308553406
77.23664352366099,60.28226794421141
77.5040045704526,60.279548692201175
77.77229110967993,60.27452018856325
78.04150634501178,60.26947427834297
78.31165349120677,60.264410901286006
78.5827357741516,60.259329996929445
78.8547564308997,60.25508471731881
79.12771870970981,60.25422209749408
79.40162587008479,60.253356491639295
79.6764811828105,60.25248788941805
79.95228792999498,60.25161628045818
80.22904940510749,60.25069947098073
80.50676891301788,60.24977067047946
80.78544977003627,60.248838654858226
81.06509530395215,60.24790341298763
81.34570885407476,60.247056671250576
81.62729377127232,60.246292224115436
81.90985341801267,60.24552513078315
82.1933911684028,60.24475538209367
82.47791040822979,60.24398296885527
82.76341453500052,60.24045748584956
83.04990695798301,60.23584610364922
83.33739109824639,60.22860026245917
83.62587038870242,60.22132933918893
83.91534827414587,60.21743580112185
84.20582821129628,60.21898660476332
84.49731366883854,60.2205427766402
84.78980812746507,60.222104335335096
85.08331507991659,60.22284194787288
85.37783803102465,60.22148253697815
85.67338049775267,60.22011842036987
85.9699460092387,60.218749581758814
86.26753810683681,60.217634197819066
86.56616034416017,60.217397425387674
86.86581628712267,60.21715983334889
87.16650951398229,60.216921418865546
87.46824361538307,60.2166821790907
87.77102219439872,60.21572698733992
88.07484886657505,60.21468440611435
88.37972725997348,60.213638215907395
88.6856610152142,60.2128778188055
88.99265378551978,60.21230292367765
89.30070923675868,60.21172603850263
89.60983104748908,60.21114715639173
89.9200229090028,60.210566270432416
90.23128852536935,60.21103789672498
90.54363161348022,60.21187706058629
90.85705590309318,60.21271912928288
91.17156513687692,60.21356411287011
91.48716307045565,60.21155115076203
91.803853472454,60.20924698979679
92.121640124542,60.206934852787285
92.44052682148025,60.20461471212377
92.76051737116521,60.20299835207551
93.08161559467473,60.201539458013606
93.40382532631361,60.20007551386891
93.7271504136594,60.19685528914678
94.05159471760838,60.19098676110548
94.37716211242166,60.18458130286881
94.70385648577137,60.17889282814633
95.0316817387872,60.173672741949304
95.36064178610285,60.171355822931126
95.69074055590303,60.17061372873669
96.02198198996986,60.170024117510025
96.35437004373067,60.17042490487448
96.68790868630441,60.171975471131944
97.02260190054987,60.17353140480309
97.35845368311246,60.175092724467675
97.69546804447266,60.174369170013925
98.03364900899322,60.17197888645882
98.37300061496792,60.16958032873895
98.71352691466902,60.167173468212624
99.05523197439648,60.16576970888045
99.39811987452568,60.162961030044045
99.74219470955697,60.15754822409775
100.08746058816375,60.15207614761533
100.43392163324232,60.148787478331506
100.78158198196034,60.14754679443371
101.13044578580704,60.146301815805714
101.4805172106419,60.14505252758096
101.83180043674537,60.14294298031474
102.1842996588678,60.1407756975974
102.53801908628047,60.138600912651185
102.89296294282498,60.136418599506534
103.24913546696452,60.13551327789069
103.60654091183363,60.13515861731572
103.9651835452898,60.13480272905375
104.32506764996401,60.13444560885505
104.68619752331175,60.13281505989675
105.04857747766447,60.1308446164319
105.41221184028133,60.1288673521136
105.77710495340071,60.12688324333087
106.14326117429174,60.12523279917608
106.5106848753066,60.12368054009334
106.87938044393297,60.120813017264865
107.24935228284617,60.11793556826833
107.62060480996153,60.11495844931722
107.99314245848737,60.11177854383671
108.36696967697812,60.10858763084965
108.74209092938727,60.106228685814656
109.11851069512045,60.10472183789958
109.49623346908909,60.10313008853271
109.87526376176437,60.10153282919342
110.25560609923083,60.09993004080845
110.63726502324023,60.09837285856667
111.02024509126593,60.09728464961368
111.40455087655766,60.096192673735146
111.79018696819575,60.09509691789156
112.17715797114586,60.09410460575254
112.56546850631406,60.09323630169746
112.95512321060234,60.09236499193589
113.34612673696368,60.08899424966754
113.73848375445733,60.08551275774681
114.13219894830532,60.082052479959096
114.52727701994749,60.079389599447076
114.9237226870986,60.07671750115331
115.32154068380368,60.07444376145741
115.7207357604955,60.07356603008564
116.12131268405041,60.072685260373916
116.52327623784619,60.07122697526236
116.92663122181813,60.06860149821313
117.33138245251745,60.0658215076072
117.73753476316772,60.0623446501545
118.14509300372364,60.058536047973696
118.55406204092793,60.05494849630367
118.96444675837041,60.05283865372752
119.37625205654543,60.0518436284104
119.78948285291119,60.050845158730624
120.20414408194767,60.049843232765255
120.62024069521645,60.048816045258434
121.03777766141883,60.04735765036705
121.45675996645618,60.045894207120796
121.87719261348849,60.04442569804439
122.29908062299509,60.042675738114
122.72242903283366,60.04321832028829
123.14724289830129,60.04395351676434
123.57352729219393,60.04449918913411
124.00128730486777,60.04174739271738
124.43052804429976,60.0386191747137
124.86125463614822,60.035226519132614
125.29347222381439,60.031419380451744
125.72718596850407,60.027753013956136
126.162401049289,60.02460783122759
126.59912266316846,60.02253994206298
127.03735602513154,60.01999643563014
127.47710636821976,60.01634779826257
127.9183789435892,60.011201070738814
128.36117902057302,60.00649120018083
128.80551188674457,60.00278809924782
129.25138284798092,59.99989071031199
129.6987972285258,59.996983291824066
130.14776037105298,59.99292952399612
130.59827763673042,59.98828272059279
131.0503544052844,59.98361983189412
131.50399607506358,59.97962924644441
131.9592080631032,59.97551399628885
132.41599580519002,59.97166503802474
132.87436475592747,59.96629638094904
133.33432038880056,59.96074567225152
133.79586819624083,59.955208840647714
134.25901368969286,59.952091880797106
134.72376239967898,59.948853825840736
135.1901198758665,59.945220779044
135.65809168713267,59.939398944757215
136.12768342163258,59.93361607513246
136.5989006868646,59.928846308911005
137.0717491097384,59.92665956227337
137.54623433664113,59.924465246030906
138.022362033506,59.922289299096946
138.50013788587867,59.92063452243226
138.97956759898645,59.91897401762091
139.4606568978051,59.9151435840988
139.9434115271285,59.90913024483112
140.42783725163596,59.90137351015647
140.9139398559624,59.89609456896381
141.40172514476606,59.892441179096984
141.8911989427991,59.88877514271817
142.3823670949759,59.8850964160504
142.87523546644422,59.8814049551652
143.3698099426538,59.88032419394143
143.86609642942796,59.87640323146175
144.364100853033,59.87185302294064
144.86382916025,59.86728706349539
145.36528731844473,59.864866762101855
145.86848131564,59.86168124218321
146.37341716058657,59.8584846953232
146.88010088283474,59.85527708335113
147.38853853280662,59.85205836796422
147.8987361818686,59.84885275388692
148.41069992240364,59.845642843626514
148.92443586788372,59.84242182199554
149.43995015294303,59.83798193138381
149.95724893345167,59.831266767593746
150.47633838658876,59.82555048561728
150.997224710916,59.821565695292186
151.51991412645182,59.819410124142514
152.04441287474617,59.817247091304544
152.57072721895454,59.81497780746048
153.09886344391268,59.81206228424423
153.62882785621167,59.80913666870257
154.16062678427377,59.80372932340481
154.6942665784276,59.797318224816635
155.22975361098364,59.79112640472417
155.76709427631067,59.78742230160378
156.30629499091236,59.78414829422064
156.84736219350373,59.780862953589434
157.39030234508758,59.778384032698874
157.93512192903196,59.77527749237731
158.4818274511481,59.771990316084484
159.03042543976747,59.76869176095831
159.5809224458195,59.765381787610025
160.13332504291088,59.761409986529735
160.68763982740265,59.75439862511513
161.24387341849044,59.74736299329154
161.80203245828207,59.74164701062526
162.36212361187822,59.73893829778824
162.92415356745073,59.73543310674197
163.48812903632376,59.73165903930183
164.05405675305263,59.72787190761426
164.62194347550547,59.72407166645626
165.1917959849428,59.720618463308085
165.76362108609956,59.71786575445363
166.33742560726526,59.71510351686919
166.91321640036674,59.71002318503795
167.4910003410487,59.70376116477721
168.07078432875713,59.69598035779813
168.65257528682034,59.69093552810698
169.23638016253295,59.68659388800728
169.8222059272376,59.68223721896032
170.4100595764095,59.67869026277415
170.99994812973853,59.675489881416915
171.59187863121434,59.67221482100207
172.18585814921002,59.6672655598798
172.78189377656594,59.662661512740115
173.379992630675,59.65831818904654
173.9801618535679,59.65323159876914
174.58240861199803,59.648127400837666
175.1867400975268,59.64287682171673
175.79316352660976,59.63732245958189
176.40168614068318,59.63174887056189
177.01231520625018,59.626167722493825
177.6250580149671,59.62043031825367
178.23992188373097,59.61406716085721
178.85691415476722,59.60768952100186
179.476042195717,59.601296972501
180.09731339972484,59.59488095273845
180.7207351855272,59.58735645050723
181.34631499754144,59.579204221357564
181.9740603059545,59.57102377259062
182.60397860681155,59.56211088416856
183.23607742210595,59.55259757055419
183.87036429986944,59.5430513258158
184.5068468142619,59.535791676744026
185.14553256566143,59.52931025995471
185.78642918075542,59.52440619150521
186.42954431263215,59.51779397259318
187.07488564087157,59.51114938977973
187.72246087163666,59.504447949022534
188.37227773776664,59.50060298262564
189.02434399886786,59.4967447065587
189.67866744140792,59.49203798295231
190.33525587880717,59.484898876961424
190.99411715153357,59.47792900895716
191.65525912719465,59.4721732201094
192.3186897006332,59.468646754896284
192.9844167940198,59.465139908714754
193.6524483569491,59.459555245449785
194.32279236653312,59.451716846602395
194.99545682749817,59.44385131448735
195.6704497722787,59.438738834997544
196.34777926111494,59.43538510576652
197.0274533821475,59.43201976732364
197.7094802515156,59.42498349349878
198.3938680134523,59.41544410152607
199.08062484038345,59.405871688156935
199.76975893302352,59.39994481251798
200.4612785204754,59.3955318861866
201.1551918603267,59.39152343795284
201.85150723875014,59.38750111414309
202.55023297060166,59.38346486672591
203.25137739951927,59.37918988240578
203.9549488980233,59.37188976939026
204.66095586761656,59.364564386428135
205.36940673888446,59.35789701241247
206.08030997159506,59.35408406259525
206.79367405480068,59.350875767078044
207.5095075069396,59.347656365779834
208.22781887593737,59.34442582025705
208.9486167393085,59.34118409193302
209.67190970425924,59.33927647729373
210.39770640779082,59.33520431414802
211.1260155168022,59.33111805487188
211.85684572819312,59.32951074713087
212.59020576896827,59.32008976699652
213.32610439634215,59.30827712222992
214.06455039784294,59.29719510950644
214.80555259141724,59.29415718576334
215.5491198255357,59.29110874599527
216.2952609792991,59.28454708609585
217.04398496254393,59.27714461152398
217.79530071594846,59.269716512672495
218.54921721113976,59.260026601060396
219.3057434508015,59.24827112895386
220.06488846878074,59.23707089536065
220.8266613301956,59.23062909300575
221.59107113154386,59.224164991817766
222.35812700081198,59.2182609100657
223.12783809758375,59.21525066618011
223.9002136131491,59.212230002085676
224.6752627706145,59.20993283510058
225.45299482501323,59.204857182884226
226.23341906341585,59.1997639608768
227.01654480504027,59.19615666750561
227.8023814013637,59.183280931334004
228.59093823623473,59.17036062473385
229.3822247259849,59.155090873300914
230.17625031954074,59.13727652576618
230.97302449853674,59.11774658249349
231.77255677743028,59.10043831888314
232.57485670361243,59.08428775163032
233.37993385752355,59.07896815589232
234.18779785276797,59.084531766301374
234.9984583362283,59.08970623855146
235.81192498818024,59.094898622666356
236.62820752240845,59.0929856797275
237.44731568632318,59.088644552232225
238.26925926107617,59.084259301645105
239.09404806167697,59.07729628557397
239.92169193711052,59.07030916644526
240.7522007704554,59.057551851797896
241.58558447900123,59.04712941624153
242.42185301436672,59.03667090256016
243.26101636261885,59.02877485933475
244.10308454439277,59.02662742758345
244.94806761501087,59.02447256231905
245.79597566460234,59.022310237809826
246.64681881822423,59.020140428235
247.5006072359828,59.014861689417714
248.3573511131544,59.00736903583991
249.21706068030656,58.999850445820385
250.07974620342088,58.99222092977617
250.945417984016,58.98372858139955
251.81408635927002,58.97520683605477
252.68576170214365,58.966655591981755
253.5604544215044,58.95807474706824
254.4381749622515,58.95299966830324
255.31893380544003,58.95146582677783
256.2027414684056,58.94992667573277
257.08960850489035,58.948382196788735
257.9795455051698,58.94683237150275
258.8725630961785,58.94304532857356
259.7686719416364,58.939192676612926
260.66788274217686,58.93532668837803
261.5702062354749,58.93144731770425
262.47565319637505,58.925465399881475
263.384234437019,58.91756854174352
264.2959608069758,58.90964434797623
265.2108431933717,58.90299708780061
266.12889252101957,58.900697374234845
267.05011975254894,58.89838970001986
267.9745358885373,58.89607403759921
268.9021519676422,58.89375035932106
269.83297906673243,58.88820424063424
270.76702830101965,58.88226002914467
271.7043108241918,58.87629524127408
272.64483782854666,58.868009615524706
273.58862054512537,58.85863690936636
274.53567024384506,58.84923175880838
275.4859982336357,58.839794051541766
276.439615862574,58.83155589065558
277.39653451801837,58.82544478337073
278.3567656267455,58.81946683058795
279.3203206550875,58.81346818462585
280.28721110906804,58.80925592816017
281.2574485345392,58.80933403940191
282.23104451732013,58.8093577216439
283.2080106833358,58.808560956887206
284.18835869875517,58.80776143406323
285.17210027013016,58.80625567934386
286.1592471445359,58.801516252982495
287.1498111097115,58.79676042070375
288.14380399420025,58.79252111518067
289.14123766749054,58.789482184136574
290.14212404015774,58.785079130009784
291.14647506400746,58.77208719642959
292.1543027322174,58.758552114656595
293.16561907947994,58.74497018007558
294.1804361821467,58.7299418819076
295.1987661583731,58.7170296091768
296.22062116826265,58.71794456737799
297.2460134140113,58.72116205813665
298.27495514005415,58.72558316349803
299.3074586332118,58.730019572882256
300.3435362228368,58.73120750937976
301.38320028096024,58.72698248792489
302.4264632224399,58.722742841207875
303.47333750510927,58.71693190759759
304.5238356299257,58.718357627943575
305.57797014111895,58.72735189154774
306.6357536263418,58.738934532562304
307.6971987168207,58.732435039702864
308.76231808750623,58.716165179387076
309.8311244572238,58.69835204989189
310.9036305888259,58.68047725877173
311.9798492893454,58.670647808525125
313.05979341014796,58.66099091185264
314.1434758470844,58.65130058703147
315.23090954064577,58.641687626951445
316.3221074761183,58.63172105975596
317.41708268373776,58.621719992461585
318.51584823884474,58.61125564160774
319.618417262041,58.60033492634839
320.7248029193471,58.58954952730478
321.83501842235887,58.57829227820474
322.94907702840413,58.566680763086225
324.0669920407031,58.55502905374518
325.18877680852614,58.54415137060493
326.3144447273526,58.53417236411137
327.4440092390314,58.52415881445928
328.5774838319422,58.514891133558784
329.71488204115565,58.50570716594514
330.85621744859475,58.495419808318196
332.0015036831973,58.48304517858429
333.15075442107957,58.47060701249264
334.30398338569864,58.458407560884396
335.46120434801605,58.44963579649203
336.6224311266625,58.442533846159776
337.78767758810375,58.434815723786684
338.9569576468055,58.425080321541905
340.13028526539887,58.4150768101454
341.3076744548477,58.403762148994765
342.48913927461666,58.39355761495304
343.6746938328385,58.383317757070465
344.8643522864817,58.372645530107
346.0581288415201,58.362299539981876
347.2560377531037,58.3520212263138
348.4580933257277,58.341720603525395
349.6643099134028,58.33139361348495
350.87470191982726,58.320781454459635
352.08928379855985,58.310052335433475
353.3080700531912,58.2992926440161
354.531075237517,58.28849570703457
355.7583139557117,58.2783052926103
356.9898008625044,58.268471507518925
358.22555066335246,58.25860368196493
359.46557811461696,58.24625984715131
360.7098980237391,58.233294133530066
361.9585252494181,58.220117520533144
363.2114747017877,58.20934745120397
364.4687613425939,58.19854010038665
365.73040018537364,58.187757886862975
366.9964062956353,58.17583501157996
368.26679479103797,58.16387086427539
369.54158084157075,58.15242435771472
370.82077966973503,58.14220943836669
372.104406550727,58.13198795560473
373.39247681261907,58.12136635515572
374.68500583654236,58.11023585114059
375.98200905687094,58.09850940857903
377.28350196140724,58.08610376196511
378.5895000915657,58.07328706030271
379.90001904255814,58.06042599256462
381.21507446358044,58.04870814470785
382.5346820580001,58.03760105210015
383.8588575835433,58.026562017530715
385.1876168524816,58.01481796155685
386.5209757318234,58.00286171026315
387.85895014350183,57.99040770583437
389.2015560645645,57.97689473653718
390.5488095273649,57.96326618223231
391.90072661975444,57.949753874944875
393.2573234852741,57.94040128418573
394.61861632334643,57.93101631865805
395.98462138946934,57.92142115992509
397.3553549954114,57.909016771233354
398.7308335094058,57.89656944372146
400.1110733563448,57.88383948428143
401.4960910179768,57.870364418350746
402.8859030331041,57.85684270736186
404.2805259977793,57.843989643235226
405.6799765655028,57.832160410891674
407.08427144742245,57.82006402454865
408.49342741253406,57.80832152224692
409.9074612878806,57.796966195992105
411.3263899587525,57.785571562333764
412.7502303688899,57.773162734398895
414.1789995206861,57.76019889113301
415.61271447538945,57.747190172448555
417.05139235330654,57.73416189426101
418.49505033400715,57.721047145689
419.9437056565305,57.70779181019413
421.39737561959015,57.69528017683422
422.85607758177974,57.682834583789315
424.31982896178124,57.670345909291974
425.78864723857345,57.65849752890063
427.2625499516403,57.64717827355591
428.74155470117927,57.6357177775259
430.2256791483121,57.62348574405017
431.71494101529714,57.611001026771625
433.20935808573967,57.59825223061322
434.7089482048035,57.58548382984965
436.2137292794251,57.57267123020796
437.72371927852794,57.560237667282635
439.2389362332366,57.54844619916035
440.75939823709086,57.53661391389329
442.28512344626296,57.524752113758794
443.816130079775,57.51286160281469
445.3524364197158,57.501707067608315
446.89406081145813,57.49063774967671
448.4410216638789,57.47954173824128
449.9933374495799,57.46840731704208
451.551026705107,57.45937857013748
453.1141080311708,57.45080495382577
454.68260009287116,57.44220165923018
456.25652161991854,57.435167674884745
457.8358914068572,57.42846590122419
459.4207283132899,57.42174092881833
461.01105126410476,57.41165705369371
462.60687924969983,57.40162427981087
464.20823132620905,57.3919870283287
465.8151266157307,57.38314193323522
467.4275843065569,57.37426622011156
469.04562365340144,57.36390124979429
470.6692639776291,57.35095513982138
472.2985246674871,57.337964215815184
473.9334251783376,57.32550662453378
475.5739850328892,57.313925495378
477.22022382142893,57.30178462439944
478.87216120205727,57.28961813945825
480.52981690092383,57.27742972828884
482.1932107124619,57.26514635041726
483.8623624996238,57.25243810715376
485.5372921941193,57.23970145037475
487.2180197966541,57.226846042165405
488.9045653771684,57.21287158806508
490.5969490750748,57.19859153780723
492.2951910995004,57.18426205597118
493.99931172952876,57.16991880382957
495.70933131444116,57.15611679269432
497.4252702739587,57.1422672400806
499.14714909848686,57.12920573309667
500.8749883493615,57.11566203581241
502.6088086590933,57.10162625519098
504.34863073161296,57.08840193733602
506.09447534251956,57.07513184240813
507.8463633393297,57.061527026748756
509.60431564172535,57.04675439334199
511.3683532418027,57.03195969157011
513.1384972043239,57.01813944392615
514.9147686669694,57.006755876845396
516.6971888405894,56.99563324641406
518.4857790094567,56.98342539315831
520.2805605315207,56.96965063380967
522.0815548386645,56.95580781493022
523.8887834369594,56.941503671953825
525.7022679069208,56.92716572714403
527.5220299037668,56.91277815034922
529.3480911576777,56.89836228193097
531.1804734740547,56.884307435219675
533.0191987337794,56.87042522840682
534.864288893475,56.85852443107562
536.7157659857727,56.847184111849074
538.5736521195685,56.835844654401235
540.4379694802903,56.82147021160875
542.3087403301641,56.806681496448995
544.1859870084784,56.791866027965405
546.0697319318496,56.77846716311962
547.9599975944915,56.764808782507394
549.8568065684843,56.75099025441785
551.7601815040435,56.73640060744629
553.6701451297891,56.722063842047056
555.5867202530179,56.70772913548772
557.5099297599774,56.69336831027294
559.4397966161374,56.678957773870735
561.3763438664639,56.663797911519374
563.3195946356947,56.647495259037434
565.269572128617,56.63113617357195
567.2262996303432,56.61561367923445
569.1898005065881,56.60093755392203
571.1600982039486,56.58634560341077
573.1372162501852,56.571816500111765
575.121178254502,56.5572488588342
577.1120079078266,56.54263079045827
579.1097289830951,56.5267107907726
581.1143653355367,56.510639100734664
583.1259409029573,56.494795975056824
585.1444797060245,56.480437053618495
587.1700058485553,56.46628135271209
589.2025435178053,56.452076650673064
591.2421169847564,56.43689855514934
593.2887506044052,56.42157906025619
595.3424688160551,56.40621086864564
597.4032961436095,56.39082923403312
599.4712571958632,56.37539435461677
601.5463766667953,56.35988684908462
603.6286793358651,56.34496040950389
605.7181900683091,56.32998230081471
607.8149338154373,56.31466964891891
609.9189356149291,56.29940497174563
612.030220591134,56.28415028736374
614.148813955373,56.269261716983586
616.2747410062378,56.25482016737546
618.4080271298924,56.24033469758739
620.5486978003768,56.226829098196056
622.6967785799128,56.21411854045822
624.8522951192081,56.201580274487895
627.0152731577612,56.190220600752184
629.1857385241699,56.17934575534196
631.363717136441,56.16835832949586
633.549235002299,56.156576248505374
635.742318219494,56.14460005216282
637.9429929761176,56.13258239922345
640.1512855509139,56.11814076052292
642.3672223135916,56.10427099489956
644.5908297251402,56.090573954178566
646.8221343381476,56.080105342325716
649.0611627971158,56.069600492504776
651.3079418387772,56.058548350769385
653.5624982924161,56.045322505466466
655.8248590801896,56.032050877803215
658.0950512174483,56.01900590513016
660.373101813057,56.006570329357196
662.6590380697205,55.994269241356186
664.9528872843092,55.98119965647761
667.2546768481836,55.96709578827333
669.5644342475209,55.952943098359626
671.8821870636435,55.94083517898745
674.2079629733503,55.930325346517876
676.5417897492458,55.91977913339162
678.8836952600703,55.90689007848219
681.2337074710341,55.89355046894785
683.5918544441527,55.88084188137027
685.9581643385804,55.87015080369697
688.3326654109458,55.85998842095045
690.7153860156899,55.84944971056706
693.1063546054063,55.83808467813275
695.5055997311797,55.8266811392252
697.9131500429254,55.815170500519386
700.3290342897326,55.80124849774023
702.7532813202093,55.78821843720903
705.1859200828256,55.77540040205175
707.6269796262575,55.764043489031046
710.0764890997351,55.752643731229924
712.5344777533932,55.74039991983884
715.0009749386174,55.72623231566539
717.476010108395,55.71201566915517
719.9596128176668,55.69810352277256
722.4518127236818,55.68569819839681
724.9526395863503,55.67326647406443
727.4621232685975,55.66125041221181
729.9802937367216,55.64963337957471
732.5071810607528,55.63816072482133
735.0428154148118,55.62557602318234
737.5872270774674,55.61232066311757
740.1404464321007,55.59903584724607
742.7025039672685,55.58731642077207
745.2734302770665,55.5759997925438
747.8532560614926,55.564643990868426
750.442012126815,55.552646867835186
753.0397293859446,55.541128799328284
755.6464388587954,55.52957086007205
758.2621716726601,55.519723982946786
760.8869590625826,55.50985899122115
763.5208323717297,55.499705608302556
766.1638230517635,55.48794257006837
768.8159626632188,55.476138813101834
771.477282875881,55.46490306068432
774.1478154691633,55.45565155417814
776.8275923324846,55.446580445277604
779.5166454656514,55.43666751474683
782.2150069792418,55.42503985745107
784.9227090949873,55.41337195005531
787.6397841461563,55.403321473469745
790.3662645779411,55.395401830107055
793.1021829478475,55.38750437373913
795.8475719260819,55.379579579671045
798.6024642959395,55.37162735327109
801.3668929541977,55.36424533047806
804.1408909115106,55.35745100039786
806.9244912928012,55.35063315118064
809.7177273376557,55.34379170141294
812.5206324007215,55.337077864841426
815.3332399521081,55.331006310555686
818.1555835777841,55.32491373908128
820.9876969799774,55.31631747040998
823.8296139775787,55.307576976429324
826.6813685065473,55.29925508507411
829.5429946203149,55.29199387743103
832.4145264901898,55.284707534515526
835.2959984057676,55.27773816908141
838.1874447753415,55.27221346678594
841.0889001263124,55.26759634461774
844.0003991055983,55.262963239898276
846.9219764800506,55.25831409730259
849.8536671368711,55.25364886131426
852.795506084026,55.249204803043256
855.7475284506633,55.24475782734979
858.709769487533,55.24029545808116
861.6822645674105,55.237750507727306
864.6650491855168,55.23731322298532
867.6581589599409,55.236944731817246
870.661629632067,55.23478832743908
873.6754970670025,55.231779834183044
876.6997972540049,55.22891298018017
879.7345663069098,55.22614873159333
882.7798404645638,55.22337330744304
885.8356560912591,55.22105787287237
888.9020496771659,55.22236705712901
891.9790578387654,55.2238876166261
895.0667173192925,55.22527041786091
898.1650649891719,55.22330451626437
901.2741378464567,55.22163593031365
904.3939730172714,55.22067980669298
907.5246077562578,55.221172208093066
910.6660794470176,55.22166631398144
913.8184256025572,55.22248055523022
916.9816838657374,55.22352318623504
920.1558920097245,55.22456942639356
923.3410879384401,55.22491770663373
926.5373096870112,55.22481089777156
929.7445954222267,55.2253426904179
932.9629834429948,55.22587632390857
936.1925121807985,55.22641180461582
939.4332202001532,55.22764118216983
942.6851461990676,55.2297505981678
945.9483290095096,55.23186731608417
949.2228075978666,55.23399136119515
952.5086210654097,55.23659181874072
955.8058086487622,55.239347099806466
959.1144097203702,55.24211191850612
962.4344637889708,55.24867095725862
965.7660105000621,55.25548877132301
969.1090896363778,55.26230530359984
972.4637411183654,55.26479780965095
975.8300050046603,55.267642230596074
979.2079214925617,55.27154911581399
982.5975309185156,55.275469525039085
985.9988737585978,55.27940350508583
989.4119906289952,55.28456821548824
992.8369222864893,55.293229178435936
996.2737096289444,55.30192012202512
999.7223936957981,55.30967806871395
1003.1830156685497,55.31676181032184
1006.6556168712492,55.32395519491897
1010.1402387709937,55.33158546181662
1013.6369229784239,55.33967600887423
1017.145711248219,55.348237007690805
1020.6666454795939,55.3581450725023
1024.1997677168006,55.36876056617004
1027.7451201496333,55.379412806249455
1031.3027451139294,55.38873466951271
1034.8726850920732,55.39747817457337
1038.4549827135054,55.4062519460019
1042.049680755234,55.41723610066848
1045.6568221423436,55.42923465794331
1049.2764499485036,55.44196627656318
1052.9086073964904,55.45385497928346
1056.5533378586993,55.46575611240656
1060.2106848576607,55.477794093648335
1063.8806920665616,55.49097679993586
1067.56340330977,55.50420513925445
1071.2588625633548,55.5172861421671
1074.9671139556103,55.529686720927856
1078.6882017675844,55.53959907391731
1082.4221704336094,55.548939867008514
1086.169064541831,55.557124715020485
1089.928928834738,55.56533789556262
1093.7018082096993,55.57462189622571
1097.487747719502,55.58441210264382
1101.286792572887,55.59423619867334
1105.0989881350868,55.604074401794456
1108.924379928369,55.613520269905855
1112.7630136325838,55.622871635772235
1116.6149350857045,55.63163345956393
1120.480190284375,55.640257819041665
1124.3588253844605,55.64969135817332
1128.2508867015997,55.659839163797955
1132.1564207117583,55.670180312691
1136.0754740517787,55.68055725832852
1140.0080935199417,55.691954506965935
1143.9543260765256,55.70293015384894
1147.9142188443666,55.71394083712548
1151.8878191094173,55.72537045354259
1155.875174321315,55.73731935992724
1159.8763320939497,55.74930099318994
1163.8913402060318,55.76128297667891
1167.9202466016586,55.77330643679739
1171.9630993908897,55.785355693392574
1176.0199468503245,55.796462469700685
1180.0908374236756,55.807597302916975
1184.1758197223455,55.818676866713545
1188.2749425260083,55.8297662037469
1192.3882547831965,55.84089392744005
1196.515805611881,55.852493138231615
1200.6576443000567,55.86450734801875
1204.8138203063331,55.87656314598938
1208.9843832605268,55.893096497860206
1213.1693829642525,55.91152424640237
1217.3688693915146,55.93001578412433
1221.5828926893068,55.948456785623996
1225.8115031782133,55.967770997013844
1230.054751353007,55.98715206614816
1234.3126878832502,56.00731856011562
1238.5853636139025,56.027636934404455
1242.8728295659291,56.04748159202195
1247.1751369369097,56.06496691740498
1251.492337101644,56.08284738483312
1255.8244816127738,56.10117656152449
1260.171622201395,56.11802975182594
1264.5338107776718,56.13494128084324
1268.9110994314606,56.15089713205255
1273.3035404329328,56.16738137371657
1277.7111862331983,56.183922676950154
1282.1340894649272,56.201855633860895
1286.5723029429828,56.2220072356201
1291.025879665054,56.242228593819966
1295.4948728122847,56.26075507919358
1299.9793357499084,56.27757531183723
1304.4793220278857,56.29445376911107
1308.9948853815479,56.311363661079284
1313.526079732236,56.32831556915789
1318.0729591879408,56.344621111085864
1322.635578043953,56.36089083427581
1327.2139907835133,56.3774113828353
1331.8082520784606,56.39398911864367
1336.4184167898823,56.41282485298298
1341.0445399687724,56.433002712180475
1345.6866768566904,56.45641527851815
1350.3448828864198,56.47728828696332
1355.019213682626,56.49818565434753
1359.7097250625243,56.519239347661404
1364.416473036548,56.53726240617277
1369.1395138090159,56.55509437771792
1373.8789037787992,56.57297615859385
1378.6346995399995,56.59087827302335
1383.406957882625,56.60842534546173
1388.1957357932683,56.62614545317189
1393.0010904557828,56.64446347121277
1397.823079251968,56.6628448985922
1402.6617597622587,56.680622401920715
1407.517189766409,56.6977700269702
1412.3894272441796,56.71497700994585
1417.2785303760327,56.73272081641101
1422.18455754383,56.75086624242201
1427.1075673315265,56.769074480329955
1432.0476185258688,56.788224463902225
1437.004770117097,56.80812169026246
1441.9790812996548,56.82808779252181
1446.970611472892,56.8466392630851
1451.9794202417715,56.86449592073674
1457.0055674175837,56.88173199194849
1462.049113018663,56.899798402118705
1467.1101172711035,56.91797185169005
1472.1886406094711,56.93626157907944
1477.2847436775367,56.95551174609775
1482.3984873289933,56.9750107352317
1487.5299326281825,56.994241941853296
1492.6791408508238,57.0120776728252
1497.8461734847517,57.029975143658966
1503.0310922306455,57.04762306306613
1508.2339590027634,57.0650835636757
1513.4548359296853,57.0826045052561
1518.693785355057,57.10016540364705
1523.950869838332,57.11775937192897
1529.226152155516,57.132565605330726
1534.5196952999186,57.14620859016822
1539.8315624829088,57.15948372653436
1545.161817134668,57.17280481588594
1550.5105229049418,57.18662671351095
1555.8777436638063,57.19986001824499
1561.263543502431,57.213139131160816
1566.6679867338432,57.227790663180635
1572.0911378936914,57.242847335908095
1577.5330617410195,57.258359721284044
1582.9938232590441,57.27196231976698
1588.4734876559257,57.285373425497255
1593.9721203655458,57.29882958631244
1599.48978704829,57.312289827777796
1605.0265535918368,57.32504951605935
1610.5824861119397,57.3376398859999
1616.1576509532142,57.349502543413145
1621.7521146899337,57.36140626439879
1627.3659441268267,57.37353425813038
1632.999206299872,57.386559200898525
1638.6519684770956,57.39962923058622
1644.3242981593776,57.41272450876549
1650.016263081261,57.42583283227309
1655.727931211758,57.43857225166126
1661.4593707551571,57.45177306749555
1667.2106501518424,57.46541733682894
1672.981838079113,57.47910883693215
1678.773003452,57.49215705888428
1684.5842154240866,57.50485509392988
1690.4155433883363,57.51759708427685
1696.2670569779266,57.52969080087885
1702.1388260670751,57.54120761139931
1708.0309207718713,57.55207576088465
1713.9434114511178,57.56294351299721
1719.8763687071732,57.57384343458743
1725.8298633867923,57.58465552882974
1731.8039665819686,57.59468434061096
1737.798749630785,57.60474765009895
1743.8142841182726,57.61434298161954
1749.8506418772586,57.62010444364617
1755.9078949892207,57.62730226727508
1761.9861157851576,57.63456093933179
1768.0853768464485,57.6418447378838
1774.2057510057145,57.64915374990854
1780.347311347694,57.65743735650674
1786.5101312101165,57.66742164951086
1792.694284184577,57.6774405039732
1798.8998441174108,57.68789423328464
1805.1268851105772,57.69929300872154
1811.37548152255,57.71083212221018
1817.6457079692007,57.72290813024732
1823.9376393246862,57.735362032959976
1830.2513507223466,57.74778353146628
1836.5869175556063,57.7583338850431
1842.9444154788698,57.76817705201937
1849.3239204084218,57.77805429193442
1855.7255085233378,57.78541234282919
1862.1492562663973,57.79238313693005
1868.5952403449926,57.799378061012774
1875.0635377320416,57.806378826670084
1881.5542256669096,57.81154547917312
1888.0673816563371,57.81673001647226
1894.6030834753597,57.82193250047722
1901.1614091682347,57.826942429829806
1907.7424370493754,57.83064112116364
1914.3462457042915,57.83296908308171
1920.9729139905223,57.83530510343302
1927.6225210385753,57.83792101650264
1934.2951462528752,57.84129169312964
1940.9908693127152,57.844674037633325
1947.709770173205,57.84883152746552
1954.4519290662217,57.852171017582734
1961.217426501372,57.854593129319326
1968.0063432669567,57.856042560289374
1974.8187604309323,57.856730205677906
1981.6547593418745,57.856031116942944
1988.5144216299545,57.855291645348295
1995.3978292079164,57.85454961401139
2002.3050642720525,57.85338854658412
2009.236209303178,57.851389084521266
2016.1913470676304,57.84938270115467
2023.170560618242,57.847369372525655
2030.1739332953475,57.84531592000764
2037.2015487277622,57.84194904801743
2044.2534908337984,57.83837880725885
2051.32984382225,57.83066107023011
2058.4306921934153,57.822916617614595
2065.5561207400883,57.81421368827369
2072.7062145485897,57.80798119907065
2079.8810589997647,57.80172713558938
2087.080739770019,57.794962020552354
2094.305342832327,57.785452062518836
2101.5549544572737,57.77489647891517
2108.829661214068,57.763614636913324
2116.1295499715943,57.751278915563624
2123.454707899433,57.73857219507872
2130.805222468916,57.72592851061987
2138.181181454157,57.71367184722188
2145.582672933116,57.70009558036681
2153.0097852886333,57.68551945324333
2160.4626072095016,57.670600555369326
2167.941227691509,57.65563001449311
2175.445736038519,57.64063852243673
2182.976221863519,57.624885902032005
2190.5327750897077,57.60797526201634
2198.1154859515514,57.59181500324048
2205.72444499588,57.574732795694324
2213.359743082949,57.557258407202724
2221.021471387544,57.538038910619086
2228.70972140005,57.51875288415415
2236.424584927563,57.499406733363976
2244.166154094968,57.47927176565145
2251.9345213460547,57.4584067136999
2259.7297794446135,57.43769863941736
2267.552021475539,57.417608418681844
2275.401340845955,57.39861934959834
2283.277831286314,57.37979345377581
2291.1815868515314,57.36038480998403
2299.112701922094,57.340908981562215
2307.071271205203,57.321551998878256
2315.0573897358877,57.30217395358236
2323.071152878157,57.28272882957565
2331.1126563261223,57.2651639584237
2339.181996105157,57.250644725744166
2347.279268573025,57.23607523353664
2355.4045704210494,57.221474075774054
2363.5579986752496,57.20791722327267
2371.739650697518,57.1957234645784
2379.9496241867632,57.183510099197385
2388.188017180097,57.171258378199845
2396.454928053985,57.158964246854026
2404.75045552544,57.14464791042773
2413.074698653183,57.130601453039446
2421.4277568388447,57.11675213830101
2429.8097298281327,57.10525691046902
2438.2207177120426,57.092361841713114
2446.660820928033,57.07902775806361
2455.130140261246,57.06430535018328
2463.628776845689,57.04953197946716
2472.1568321654636,57.03501738468426
2480.7144080559565,57.02080317947042
2489.3016067050767,57.006539770606445
2497.9185306544546,56.992238919597746
2506.5652828006873,56.976971827142734
2515.2419663965466,56.961355668819486
2523.948685052233,56.94570040246428
2532.6855427365913,56.93000201922166
2541.4526437783747,56.914374403668994
2550.2500928674667,56.89874131252721
2559.077995056156,56.882797951140155
2567.9364557603667,56.86679940048549
2576.82558076094,56.85289171018973
2585.7454762048746,56.84008975019719
2594.696248606618,56.82761437607387
2603.6780048493156,56.81348365750786
2612.6908521861064,56.799193631763224
2621.734898241386,56.7849823077639
2630.8102510121116,56.77189065566238
2639.9170188690696,56.758753685721416
2649.055310558191,56.74588129649843
2658.2252352018304,56.73596612060166
2667.426902300085,56.726196825664275
2676.660421732098,56.716393713502306
2685.925903757357,56.70655666705461
2695.223459017036,56.69753370624833
2704.5531985352895,56.68914331600391
2713.9152337206037,56.680723881727836
2723.309676367103,56.67262442547241
2732.7366386559065,56.66514100821498
2742.196233156448,56.65763168648813
2751.6885728278403,56.65009637062136
2761.2137710202014,56.64280484503409
2770.771941476033,56.63734247009572
2780.363198331554,56.63186118669349
2789.987656118086,56.62636092937422
2799.6454297633995,56.62084163245809
2809.336634593108,56.617164978317426
2819.061386332023,56.61510550960616
2828.8198011055592,56.61321092258065
2838.6119954410965,56.611328060107724
2848.4380862693956,56.61026775147991
2858.2981909259715,56.60981671837859
2868.1924271525177,56.60972085674313
2878.120913098288,56.61108876198047
2888.083767321532,56.61246140233522
2898.081108790886,56.61314869755519
2908.1130568868184,56.611938728076076
2918.179731403032,56.610736229293295
2928.281252547915,56.609522936739204
2938.4177409459576,56.608294735255846
2948.5893176392115,56.607062282251206
2958.7961040887153,56.606007551402485
2969.0382221759655,56.60569044554498
2979.315794204351,56.60537224199924
2989.6289429006342,56.60341283654767
2999.9777914163965,56.60045641110361
3010.3624633295285,56.59588419167944
3020.7830826456857,56.59386274345245
3031.2397737997912,56.592717149165615
3041.7326616574965,56.591595254140294
3052.2618715166996,56.58682959924508
3062.8275291090144,56.58145740259511
3073.4297606012983,56.57561088734637
3084.068692597132,56.56878780779082
3094.74445213836,56.56194110957954
3105.4571667065766,56.55507071095462
3116.20696422468,56.54580124104688
3126.9939730583696,56.53475520916357
3137.818322017704,56.52269106089407
3148.6801403586273,56.50723893560001
3159.579557784505,56.48933840809777
3170.5167044476943,56.47195855490062
3181.4917109510725,56.45624297132954
3192.5047083496224,56.44047298696264
3203.555828151972,56.42280550897048
3214.6452023219904,56.40156538449933
3225.7729632803366,56.3802517355759
3236.9392439060684,56.358879089293794
3248.1441775382027,56.33744283952694
3259.3878979773326,56.31281926555554
3270.6705394872015,56.28567278056604
3281.992236796329,56.25768305786116
3293.3531250995975,56.22959644640996
3304.753340059889,56.20186325022964
3316.1930178096823,56.17204123892955
3327.672294952702,56.14211599626419
3339.1913085655256,56.1112899464986
3350.7501961992452,56.08013156521534
3362.349095881084,56.046155576514295
3373.988146116071,56.011290481478824
3385.66748588867,55.97630469802553
3397.3872546644625,55.94087640120164
3409.1475923917897,55.901773302471106
3420.948639503448,55.86190855202895
3432.7905369183404,55.821924668947325
3444.6734260431867,55.78184418452494
3456.5974487741832,55.7411433774086
3468.5627474987255,55.70105816105858
3480.5694650970813,55.6623450983831
3492.6177449441248,55.62349802723068
3504.7077309110186,55.58241136815732
3516.8395673669634,55.53821858124437
3529.01339918089,55.49387281733463
3541.229371723219,55.44882103003273
3553.487630867571,55.40354468028142
3565.788322992532,55.35861875965493
3578.131594983376,55.31563631477946
3590.517594233848,55.273053970299244
3602.9464686478923,55.2300489644012
3615.418366641451,55.18603011331048
3627.933437144205,55.14186114919655
3640.491829601383,55.097629155201076
3653.093693975515,55.056866039145284
3665.7391807482545,55.019322474101095
3678.4284409221445,54.98218443336586
3691.16162602245,54.94784436784862
3703.93888809894,54.915748449095084
3716.760379727725,54.89004381091152
3729.6262540130742,54.86735877640521
3742.5366645892245,54.844595215770696
3755.4917656222487,54.8284816259813
3768.491711811861,54.82154019638046
3781.5366583932982,54.814574738445415
3794.6267611391404,54.80932628212669
3807.7621763612033,54.805692309515365
3820.9430609123733,54.80354347036385
3834.169572188512,54.82191410662133
3847.4418681303036,54.84093321786548
3860.760107225173,54.86001816534047
3874.124448509147,54.88964412786635
3887.535051568784,54.938072316380456
3900.9920765430497,54.98666814308524
3914.4956841252583,55.03756155712601
3928.046035564963,55.08892814677925
3941.643292669911,55.140472546142426
3955.2876178079437,55.20432791218846
3968.9791739089696,55.282489976946884
3982.7181244668764,55.3607922554045
3996.504633541514,55.438399349340905
4010.3388657606247,55.529895551500566
4024.220986321839,55.62710352028922
4038.1511609946156,55.727109105518366
4052.129556122256,55.82746086837429
4066.1563386238545,55.93445549080099
4080.2316759963273,56.0492311777218
4094.3557363163786,56.1644041702012
4108.52868824254,56.280282328404446
4122.750701017153,56.39924801372022
4137.02194446842,56.52847937396502
4151.3425890124045,56.654902217986155
4165.712805655093,56.77959737003193
4180.132765994407,56.90479582552806
4194.602642222288,57.03615655408785
4209.122607126714,57.16719707329562
4223.692834093801,57.298691200127855
4238.31349710984,57.42541299105071
4252.984770763404,57.55153721448847
4267.706830247405,57.67788837313263
4282.479851361214,57.8029199794885
4297.304010512731,57.92831580989251
4312.179484720523,58.05302772137945
4327.106451615903,58.1704823831581
4342.08508944509,58.288343623989064
4357.115577071296,58.40642629625147
4372.198093976903,58.52166240319502
4387.3328202655675,58.622447456396394
4402.519936664403,58.72244633957142
4417.759624526125,58.820421636734146
4433.0520658312025,58.91873608351307
4448.397443190065,59.00299901133852
4463.795939845242,59.075442137098435
4479.247739673593,59.1481360307459
4494.753027188463,59.218637003048585
4510.311987541924,59.27032295776629
4525.9248065269485,59.31341770003714
4541.591670579664,59.3549116872735
4557.312766781548,59.38238858353123
4573.088282861689,59.394548237188694
4588.918407199,59.40471268257831
4604.803328824502,59.41442210090247
4620.743237423542,59.422800609864616
4636.7383233381,59.40249841387355
4652.788777569017,59.38206961508233
4668.894791778324,59.36141115488712
4685.056558291484,59.32918485454015
4701.274270099729,59.27856216789964
4717.548120862328,59.227932816273395
4733.878304908936,59.17796440505615
4750.26501724188,59.127458368833196
4766.708453538518,59.05330860970092
4783.208810153547,58.9759137977793
4799.766284121379,58.89825107729785
4816.381073158456,58.82109643141726
4833.053375665654,58.73417255551029
4849.78339073061,58.643991325270306
4866.571318130138,58.554040014266626
4883.417358332578,58.457135683941026
4900.321712500225,58.35806923940366
4917.284582491697,58.26044121906251
4934.30617086438,58.16343558805556
4951.38668087681,58.06568018360672
4968.526316491139,57.96547374217572
4985.7252823755325,57.86435298566685
5002.98378390665,57.76405323942967
5020.302027172061,57.67223898088601
5037.6802189727405,57.5805007156201
5055.118566825507,57.48844625740058
5072.617278965533,57.39618643608531
5090.176564348794,57.30891919826831
5107.796632654607,57.22546065713138
5125.477694288087,57.143313499041824
5143.219960382707,57.060881981752054
5161.023642802774,56.9853836835101
5178.888954146003,56.91567136747377
5196.816107746011,56.845717736474256
5214.8053176749045,56.777162182002044
5232.856798745817,56.71893241742645
5250.97076651546,56.66366613856921
5269.147437286735,56.60864866796077
5287.38702811127,56.55389230659101
5305.68975679206,56.50197068507528
5324.055841886017,56.46085621371609
5342.485502706632,56.42228088595556
5360.978959326544,56.38357202649894
5379.536432580213,56.34723352366217
5398.158144066516,56.3169909232186
5416.8443161514315,56.2867798534705
5435.595171970659,56.259350091399725
5454.410935432318,56.23261551049097
5473.291831219585,56.206777396257785
5492.238084793418,56.18579822122429
5511.249922395204,56.16486947949686
5530.327571049505,56.147423050535636
5549.471258566728,56.134221453585646
5568.681213545882,56.12097415821301
5587.957665377273,56.108576647396234
5607.30084424528,56.102885539070286
5626.710981131063,56.10298600376977
5646.188307815363,56.10475911727654
5665.733056881231,56.109828836755376
5685.345461716842,56.114916105488625
5705.025756518242,56.12487595447115
5724.77417629219,56.14792622571221
5744.590956858915,56.17105628737872
5764.476334854984,56.1925897881591
5784.430547736075,56.21297518820294
5804.453833779861,56.238175611568174
5824.546432088814,56.28112044977666
5844.708582593099,56.32465104833179
5864.940526053395,56.36833233166379
5885.242504063819,56.41051028093032
5905.614759054764,56.4590091481258
5926.057534295836,56.524924710297874
5946.57107389872,56.585920905383006
5967.155622820132,56.646800917708916
5987.811426864706,56.7075125226711
6008.538732687973,56.770698772128135
6029.337787799255,56.84579751918709
6050.208840564677,56.92065597413666
6071.152140210077,56.993510331799875
6092.167936824033,57.075680842189584
6113.256481360802,57.16210182705189
6134.418025643365,57.242678377611725
6155.652822366382,57.326627983471695
6176.961125099257,57.41429716504483
6198.3431882891455,57.495232002312214
6219.799267263974,57.5764470022307
6241.329618235533,57.6639788090871
6262.934498302486,57.74955026071549
6284.614165453489,57.83541792502014
6306.368878570223,57.920632972446796
6328.198897430536,58.011378114980104
6350.104482711491,58.102437379349766
6372.085895992533,58.18853006582968
6394.143399758558,58.273461513793556
6416.277257403105,58.35673275217727
6438.487733231443,58.43120439238522
6460.775092463781,58.505044970022354
6483.139601238387,58.57908515636278
6505.581526614811,58.64683639331037
6528.101136577027,58.70161888147347
6550.698700036686,58.75614199032216
6573.374486836269,58.808208428187484
6596.12876775237,58.860455098345376
6618.961814498865,58.88295857258682
6641.873899730226,58.89674649518883
6664.865297044707,58.910582145828364
6687.936280987677,58.92764614601208
6711.087127054833,58.93536396141456
6734.318111695558,58.927317622201244
6757.629512316155,58.91811736064805
6781.021607283223,58.90778848978006
6804.494675926917,58.8967337184171
6828.04899854435,58.88730584228423
6851.684856402876,58.88057480916196
6875.402531743509,58.87382047601033
6899.202307784232,58.87052709267011
6923.084468723443,58.87422105504038
6947.049299743285,58.87812973276942
6971.097087013113,58.88605359703526
6995.228117692851,58.89461252988038
7019.44267993648,58.89278506325897
7043.741062895422,58.89033894494862
7068.123556722049,58.887906159050694
7092.590452573089,58.886151062587594
7117.142042613164,58.87269482526318
7141.77862001822,58.851692200012664
7166.500478979081,58.8306541443059
7191.307914704911,58.80966834810336
7216.201223426795,58.7714889004431
7241.180702401213,58.72523125807123
7266.246649913657,58.681171098246665
7291.399365282127,58.63695842052496
7316.63914886076,58.58072661710899
7341.966302043393,58.51916999747303
7367.38112726714,58.45740029449332
7392.883928016058,58.397006788558855
7418.475008824708,58.329360262250944
7444.154675281853,58.25833177066358
7469.923234034047,58.185875412789926
7495.780992789355,58.11268992905866
7521.728260320971,58.042198790661686
7547.765346470962,57.975711248887364
7573.892562153909,57.90973324575005
7600.11021936068,57.8435268542833
7626.418631162095,57.78092404827735
7652.818111712724,57.73242093876143
7679.308976254581,57.68369002330939
7705.891541120945,57.6340376032592
7732.566123740076,57.58421330723934
7759.333042639076,57.53685275304599
7786.192617447617,57.4954458692219
7813.1451689018295,57.45389565203557
7840.191018848068,57.41330052444562
7867.330490246816,57.37496221113063
7894.563907176478,57.350763736243046
7921.891594837319,57.34044641666613
7949.313879555273,57.33204906638528
7976.831088785917,57.323622647980045
8004.443551118307,57.321009456167886
8032.15159627897,57.34051922112835
8059.955555135776,57.36009652075818
8087.855759701956,57.37852568318499
8115.852543139997,57.39643530650209
8143.94623976569,57.430088385366254
8172.1371850520545,57.466542364747994
8200.425715633412,57.50311205071736
8228.812169309334,57.53980832568742
8257.296885048754,57.57860191863068
8285.880202993936,57.623406033049534
8314.562464464607,57.66829755280188
8343.344011961968,57.71162911928625
8372.225189172856,57.755110681581506
8401.206340973766,57.80323390585483
8430.287813435049,57.853149228921524
8459.469953824975,57.90323733801848
8488.753110613945,57.95252418730773
8518.137633478584,58.00845542685252
8547.623873305984,58.07017762123056
8577.212182197833,58.13073201475361
8606.902913474676,58.189415743172376
8636.696421680079,58.25686494728036
8666.59306258491,58.32815722224989
8696.593193191571,58.39680341671593
8726.69717173823,58.465687235676924
8756.905357703157,58.53378307273012
8787.218111808957,58.609420002737515
8817.635796026943,58.68531875625073
8848.158773581377,58.75698996687808
8878.787408953895,58.8305044878024
8909.52206788778,58.904466513344985
8940.363117392397,58.97506102125966
8971.310925747513,59.045412120200204
9002.365862507762,59.11471551850396
9033.528298506983,59.16038550705218
9064.798605862725,59.206213586053195
9096.177157980617,59.25150085134968
9127.664329558896,59.28467136238936
9159.260496592817,59.29529518148582
9190.966036379203,59.30626355874175
9222.781327520892,59.31823012731041
9254.706749931318,59.32428456021188
9286.742684838984,59.29469936634152
9318.889514792083,59.26306153041771
9351.14762366299,59.23131417750114
9383.51739665293,59.19235301778556
9415.999220296488,59.11127502879955
9448.593482466316,59.029916381630834
9481.300572377679,58.95118158873652
9514.120880593176,58.86217482223216
9547.05479902734,58.757043916929106
9580.102720951385,58.64873326981535
9613.265040997821,58.53897966260209
9646.542155165262,58.37521049138893
9679.934460823053,58.19323822812354
9713.442356716112,58.009909951114935
9747.066242969606,57.825947068072104
9780.806521093804,57.60853478317855
9814.663593988798,57.386847863909985
9848.637865949398,57.163834258206194
9882.729742669864,56.9325857056931
9916.939631248848,56.68234632202847
9951.267940194164,56.431890689926384
9985.715079427751,56.1830569924994
10020.281460290485,55.93330139643412
10054.967495547176,55.68337636494583
10089.773599391401,55.43410115365797
10124.700187450571,55.18396305555371
10159.747676790772,54.93954318697074
10194.91648592181,54.70792783157721
10230.207034802208,54.47551072042311
10265.619744844176,54.24500348326026
10301.155038918752,54.01640746481516
10336.813341360688,53.806383787223744
10372.595077973692,53.5947221490732
10408.500676035359,53.38191691236786
10444.53056430237,53.16984271303861
10480.685173015574,52.97252398164051
10516.964933905141,52.77575575815009
10553.370280195684,52.5783064051362
10589.901646611532,52.38292211557228
10626.55946938175,52.19331426840695
10663.344186245544,52.00545086971351
10700.256236457317,51.8172618229022
10737.296060792014,51.62842134409883
10774.464101550358,51.442610020984745
10811.760802564133,51.261522443659594
10849.18660920146,51.079808016668046
10886.741968372207,50.89805552502273
10924.427328533166,50.71873163278274
10962.243139693592,50.53967085338912
11000.189853420414,50.36153017851292
11038.267922843723,50.18496966799696
11076.477802662155,50.01001586144535
11114.819949148323,49.84167126610615
11153.294820154244,49.6764972959165
11191.902875116897,49.51075156233105
11230.644575063545,49.34922263229501
11269.52038261743,49.18903422714549
11308.530762003134,49.02829131654711
11347.676179052212,48.87378943592825
11386.957101208734,48.72188174431803
11426.373997534869,48.5747747187538
11465.927338716456,48.43416483201398
11505.617597068724,48.295437576928684
11545.445246541767,48.16573113206402
11585.410762726393,48.04235991886418
11625.514622859631,47.918561645978684
11665.757305830535,47.79502416434027
11706.139292185866,47.67545877648048
11746.661064135846,47.56541218102303
11787.323105559875,47.46145521375906
11828.125902012422,47.372092949366305
11869.069940728641,47.287490215656746
11910.155710630388,47.203168373324196
11951.383702331894,47.1195054322117
11992.75440814571,47.03555288489037
12034.268322088576,46.95205708588837
12075.925939887276,46.88057320056369
12117.72775898468,46.827559088514036
12159.674278545488,46.775280686998514
12201.765999462405,46.724896026492
12244.003424361943,46.708826408077826
12286.387057610518,46.69570339688204
12328.917405320459,46.68360083972157
12371.59497535604,46.67145638855583
12414.420277339525,46.659345195835776
12457.393822657352,46.66279332534316
12500.516124466067,46.66654228720564
12543.78769769865,46.69310983828112
12587.20905907049,46.71974553495285
12630.780727085652,46.74696387051975
12674.503222043048,46.78844642970514
12718.377066042643,46.837742451244196
12762.402782991676,46.88599267559279
12806.580898611004,46.9315976679464
12850.911940441216,46.98592725110702
12895.396437849122,47.041235270377356
12940.034922033903,47.09826482246218
12984.82792603356,47.15549178707099
13029.775984731246,47.21277695632456
13074.879634861654,47.2700969551179
13120.13941501741,47.32761537184058
13165.555865655593,47.37667128669076
13211.12952910402,47.41502882903644
13256.860949567927,47.46337303510787
13302.750673136274,47.51108758933162
13348.799247788385,47.55862944047209
13395.007223400466,47.60633586167292
13441.375151752154,47.64081158179972
13487.903586533097,47.67376452982372
13534.593083349662,47.70683154721013
13581.444199731392,47.73568540287517
13628.457495137867,47.76773532154825
13675.633530965204,47.801911180692606
13722.972870552867,47.833572209829306
13770.476079190363,47.86534283624402
13818.143724123998,47.888460175668214
13865.97637456362,47.89680562594769
13913.97460168953,47.9051799646954
13962.138978659099,47.91220843085376
14010.470080613848,47.91193379657296
14058.968484686113,47.89644491622555
14107.634770006045,47.880107792051525
14156.469517708507,47.86263997833515
14205.473310940008,47.84511169833299
14254.646734865633,47.82367875975545
14303.99037667613,47.79687278308002
14353.504825594851,47.7460363395212
14403.190672884737,47.68576139508413
14453.048511855462,47.62064176966442
14503.078937870498,47.5532373134691
14553.282548354206,47.453473452320814
14603.659942798959,47.35319844596253
14654.211722772408,47.252576329353865
14704.938491924466,47.14697923124546
14755.840855994744,47.03827858342102
14806.919422819585,46.9115786758708
14858.174802339434,46.78205972790415
14909.6076066061,46.652092439358114
14961.218449790058,46.52092895077201
15013.007948187753,46.39199281233957
15064.976720229084,46.283411894332566
15117.125386484577,46.17335130831501
15169.454569673031,46.05991074003653
15221.964894668752,45.946077487823324
15274.656988509127,45.8736445024082
15327.531480402085,45.847683948263175
15380.589001733613,45.82163352950706
15433.830186075256,45.79301299289268
15487.255669191823,45.76191091053007
15540.86608904874,45.81082178960592
15594.662085819935,45.881939002553764
15648.644301895256,45.951523487885794
15702.813381888267,46.02134884568445
15757.169972643915,46.091204282664954
15811.714723246256,46.18231402137521
15866.448285026168,46.27373914400168
15921.37131156927,46.36212785511751
15976.484458723484,46.45032933970498
16031.788384607138,46.46908683046221
16087.283749616592,46.433222405117796
16142.971216434258,46.39721200421818
16198.851450036474,46.36074975799481
16254.925117701452,46.313941185524136
16311.192889017208,46.18724118132696
16367.655435889692,46.05862613517241
16424.313432550578,45.92471269037708
16481.16755556559,45.79033569308705
16538.21848384233,45.6238071948163
16595.466898638533,45.438086618531266
16652.913483570166,45.25172315506959
16710.55892461958,45.06793800610453
16768.403910143694,44.89769573628467
16826.449130882313,44.74967197990207
16884.695279966178,44.59587440602658
16943.143052925483,44.437958121932965
17001.79314769796,44.280830586893295
17060.646264637344,44.17053034557523
17119.7031065217,44.06179194213937
17178.96437856179,43.95267713170241
17238.43078840962,43.850291643028854
17298.103046166652,43.734773077286974
17357.981864392565,43.615434082267285
17418.067958113515,43.492143810436204
17478.36204483082,43.3682662997692
17538.864844529486,43.23590681154973
17599.577079686806,43.10071109474266
17660.49947528095,42.96504738675016
17721.632758799777,42.83040976683032
17782.97766024925,42.71166080607483
17844.534912162457,42.6013693635584
17906.305249608107,42.49170959063199
17968.289410199435,42.38384438124274
18030.488134103,42.26946489800302
18092.902164047497,42.15345724695848
18155.5322453326,42.04368127085454
18218.379125838026,41.93352529610552
18281.443556032173,41.73517509063918
18344.72628898141,41.445446621822796
18408.228080358786,41.15471523388442
18471.949688453216,40.867876598367026
18535.891874178502,40.50854029007737
18600.055401082398,40.09007228663354
18664.441035355714,39.672405769639504
18729.049545841608,39.25385559627536
18793.881704044492,38.820288090595234
18858.938284139567,38.37969133257171
18924.22006298178,37.93765305545758
18989.727820115277,37.494056356220966
19055.462337782647,37.033100110259404
19121.424400934284,36.56772912155961
19187.614797237715,36.10077802127136
19254.03431708716,35.62769248824668
19320.683753612695,35.08038391799978
19387.563902690043,34.53123428857225
19454.67556294979,33.980319866315384
19522.019535787094,33.42277579018014
19589.59662537121,32.853624346583885
19657.40763865509,32.28261723546443
19725.453385384983,31.70963353587655
